0 0.5
0.001 0.492
0.002 0.484002
0.003 0.476007
0.004 0.468017
0.005 0.460033
0.006 0.452057
0.007 0.44409
0.008 0.436135
0.009 0.428192
0.01 0.420263
0.011 0.41235
0.012 0.404454
0.013 0.396577
0.014 0.38872
0.015 0.380885
0.016 0.373074
0.017 0.365287
0.018 0.357527
0.019 0.349795
0.02 0.342092
0.021 0.33442
0.022 0.326781
0.023 0.319175
0.024 0.311605
0.025 0.304071
0.026 0.296575
0.027 0.28912
0.028 0.281705
0.029 0.274332
0.03 0.267003
0.031 0.25972
0.032 0.252482
0.033 0.245293
0.034 0.238153
0.035 0.231063
0.036 0.224025
0.037 0.217039
0.038 0.210108
0.039 0.203233
0.04 0.196414
0.041 0.189653
0.042 0.182951
0.043 0.176309
0.044 0.169728
0.045 0.16321
0.046 0.156756
0.047 0.150366
0.048 0.144042
0.049 0.137785
0.05 0.131595
0.051 0.125474
0.052 0.119423
0.053 0.113443
0.054 0.107534
0.055 0.101698
0.056 0.0959348
0.057 0.0902462
0.058 0.0846327
0.059 0.0790952
0.06 0.0736344
0.061 0.068251
0.062 0.0629459
0.063 0.0577196
0.064 0.052573
0.065 0.0475067
0.066 0.0425213
0.067 0.0376174
0.068 0.0327957
0.069 0.0280566
0.07 0.0234008
0.071 0.0188286
0.072 0.0143407
0.073 0.00993748
0.074 0.00561934
0.075 0.0013867
0.076 -0.00276007
0.077 -0.00682061
0.078 -0.0107946
0.079 -0.0146817
0.08 -0.0184818
0.081 -0.0221944
0.082 -0.0258195
0.083 -0.0293569
0.084 -0.0328063
0.085 -0.0361677
0.086 -0.0394409
0.087 -0.0426259
0.088 -0.0457227
0.089 -0.0487311
0.09 -0.0516512
0.091 -0.0544831
0.092 -0.0572267
0.093 -0.0598822
0.094 -0.0624497
0.095 -0.0649294
0.096 -0.0673213
0.097 -0.0696257
0.098 -0.0718428
0.099 -0.0739729
0.1 -0.0760162
0.101 -0.077973
0.102 -0.0798436
0.103 -0.0816285
0.104 -0.0833279
0.105 -0.0849423
0.106 -0.0864721
0.107 -0.0879178
0.108 -0.0892798
0.109 -0.0905586
0.11 -0.0917548
0.111 -0.0928689
0.112 -0.0939014
0.113 -0.0948531
0.114 -0.0957244
0.115 -0.0965162
0.116 -0.0972289
0.117 -0.0978633
0.118 -0.0984202
0.119 -0.0989003
0.12 -0.0993042
0.121 -0.0996329
0.122 -0.099887
0.123 -0.100068
0.124 -0.100175
0.125 -0.100211
0.126 -0.100175
0.127 -0.10007
0.128 -0.0998951
0.129 -0.0996519
0.13 -0.0993414
0.131 -0.0989645
0.132 -0.0985222
0.133 -0.0980156
0.134 -0.0974456
0.135 -0.0968133
0.136 -0.0961198
0.137 -0.0953662
0.138 -0.0945534
0.139 -0.0936828
0.14 -0.0927553
0.141 -0.0917721
0.142 -0.0907344
0.143 -0.0896433
0.144 -0.0885
0.145 -0.0873057
0.146 -0.0860616
0.147 -0.0847689
0.148 -0.0834289
0.149 -0.0820427
0.15 -0.0806117
0.151 -0.079137
0.152 -0.0776199
0.153 -0.0760618
0.154 -0.0744638
0.155 -0.0728273
0.156 -0.0711535
0.157 -0.0694439
0.158 -0.0676996
0.159 -0.065922
0.16 -0.0641124
0.161 -0.0622721
0.162 -0.0604025
0.163 -0.0585049
0.164 -0.0565806
0.165 -0.054631
0.166 -0.0526573
0.167 -0.050661
0.168 -0.0486434
0.169 -0.0466058
0.17 -0.0445496
0.171 -0.0424761
0.172 -0.0403866
0.173 -0.0382826
0.174 -0.0361652
0.175 -0.0340359
0.176 -0.0318961
0.177 -0.0297469
0.178 -0.0275899
0.179 -0.0254262
0.18 -0.0232572
0.181 -0.0210842
0.182 -0.0189085
0.183 -0.0167314
0.184 -0.0145543
0.185 -0.0123783
0.186 -0.0102048
0.187 -0.0080351
0.188 -0.00587037
0.189 -0.0037119
0.19 -0.00156092
0.191 0.000581315
0.192 0.0027136
0.193 0.00483471
0.194 0.00694345
0.195 0.00903864
0.196 0.0111191
0.197 0.0131837
0.198 0.0152312
0.199 0.0172605
0.2 0.0192705
0.201 0.0212601
0.202 0.0232282
0.203 0.0251737
0.204 0.0270956
0.205 0.0289928
0.206 0.0308642
0.207 0.0327089
0.208 0.0345259
0.209 0.0363142
0.21 0.0380728
0.211 0.0398007
0.212 0.0414971
0.213 0.0431611
0.214 0.0447918
0.215 0.0463882
0.216 0.0479496
0.217 0.0494751
0.218 0.0509639
0.219 0.0524153
0.22 0.0538285
0.221 0.0552026
0.222 0.0565371
0.223 0.0578312
0.224 0.0590842
0.225 0.0602955
0.226 0.0614645
0.227 0.0625905
0.228 0.0636729
0.229 0.0647112
0.23 0.0657049
0.231 0.0666534
0.232 0.0675562
0.233 0.0684129
0.234 0.0692231
0.235 0.0699862
0.236 0.070702
0.237 0.07137
0.238 0.07199
0.239 0.0725615
0.24 0.0730843
0.241 0.0735581
0.242 0.0739827
0.243 0.0743579
0.244 0.0746834
0.245 0.0749592
0.246 0.075185
0.247 0.0753607
0.248 0.0754863
0.249 0.0755617
0.25 0.0755868
0.251 0.0755617
0.252 0.0754863
0.253 0.0753607
0.254 0.075185
0.255 0.0749592
0.256 0.0746834
0.257 0.0743579
0.258 0.0739827
0.259 0.0735581
0.26 0.0730843
0.261 0.0725615
0.262 0.07199
0.263 0.07137
0.264 0.070702
0.265 0.0699862
0.266 0.0692231
0.267 0.0684129
0.268 0.0675562
0.269 0.0666534
0.27 0.0657049
0.271 0.0647112
0.272 0.0636729
0.273 0.0625905
0.274 0.0614645
0.275 0.0602955
0.276 0.0590842
0.277 0.0578312
0.278 0.0565371
0.279 0.0552026
0.28 0.0538285
0.281 0.0524153
0.282 0.0509639
0.283 0.0494751
0.284 0.0479496
0.285 0.0463882
0.286 0.0447918
0.287 0.0431611
0.288 0.0414971
0.289 0.0398007
0.29 0.0380728
0.291 0.0363142
0.292 0.0345259
0.293 0.0327089
0.294 0.0308642
0.295 0.0289928
0.296 0.0270956
0.297 0.0251737
0.298 0.0232282
0.299 0.0212601
0.3 0.0192705
0.301 0.0172605
0.302 0.0152312
0.303 0.0131837
0.304 0.0111191
0.305 0.00903864
0.306 0.00694345
0.307 0.00483471
0.308 0.0027136
0.309 0.000581315
0.31 -0.00156092
0.311 -0.0037119
0.312 -0.00587037
0.313 -0.0080351
0.314 -0.0102048
0.315 -0.0123783
0.316 -0.0145543
0.317 -0.0167314
0.318 -0.0189085
0.319 -0.0210842
0.32 -0.0232572
0.321 -0.0254262
0.322 -0.0275899
0.323 -0.0297469
0.324 -0.0318961
0.325 -0.0340359
0.326 -0.0361652
0.327 -0.0382826
0.328 -0.0403866
0.329 -0.0424761
0.33 -0.0445496
0.331 -0.0466058
0.332 -0.0486434
0.333 -0.050661
0.334 -0.0526573
0.335 -0.054631
0.336 -0.0565806
0.337 -0.0585049
0.338 -0.0604025
0.339 -0.0622721
0.34 -0.0641124
0.341 -0.065922
0.342 -0.0676996
0.343 -0.0694439
0.344 -0.0711535
0.345 -0.0728273
0.346 -0.0744638
0.347 -0.0760618
0.348 -0.0776199
0.349 -0.079137
0.35 -0.0806117
0.351 -0.0820427
0.352 -0.0834289
0.353 -0.0847689
0.354 -0.0860616
0.355 -0.0873057
0.356 -0.0885
0.357 -0.0896433
0.358 -0.0907344
0.359 -0.0917721
0.36 -0.0927553
0.361 -0.0936828
0.362 -0.0945534
0.363 -0.0953662
0.364 -0.0961198
0.365 -0.0968133
0.366 -0.0974456
0.367 -0.0980156
0.368 -0.0985222
0.369 -0.0989645
0.37 -0.0993414
0.371 -0.0996519
0.372 -0.0998951
0.373 -0.10007
0.374 -0.100175
0.375 -0.100211
0.376 -0.100175
0.377 -0.100068
0.378 -0.099887
0.379 -0.0996329
0.38 -0.0993042
0.381 -0.0989003
0.382 -0.0984202
0.383 -0.0978633
0.384 -0.0972289
0.385 -0.0965162
0.386 -0.0957244
0.387 -0.0948531
0.388 -0.0939014
0.389 -0.0928689
0.39 -0.0917548
0.391 -0.0905586
0.392 -0.0892798
0.393 -0.0879178
0.394 -0.0864721
0.395 -0.0849423
0.396 -0.0833279
0.397 -0.0816285
0.398 -0.0798436
0.399 -0.077973
0.4 -0.0760162
0.401 -0.0739729
0.402 -0.0718428
0.403 -0.0696257
0.404 -0.0673213
0.405 -0.0649294
0.406 -0.0624497
0.407 -0.0598822
0.408 -0.0572267
0.409 -0.0544831
0.41 -0.0516512
0.411 -0.0487311
0.412 -0.0457227
0.413 -0.0426259
0.414 -0.0394409
0.415 -0.0361677
0.416 -0.0328063
0.417 -0.0293569
0.418 -0.0258195
0.419 -0.0221944
0.42 -0.0184818
0.421 -0.0146817
0.422 -0.0107946
0.423 -0.00682061
0.424 -0.00276007
0.425 0.0013867
0.426 0.00561934
0.427 0.00993748
0.428 0.0143407
0.429 0.0188286
0.43 0.0234008
0.431 0.0280566
0.432 0.0327957
0.433 0.0376174
0.434 0.0425213
0.435 0.0475067
0.436 0.052573
0.437 0.0577196
0.438 0.0629459
0.439 0.068251
0.44 0.0736344
0.441 0.0790952
0.442 0.0846327
0.443 0.0902462
0.444 0.0959348
0.445 0.101698
0.446 0.107534
0.447 0.113443
0.448 0.119423
0.449 0.125474
0.45 0.131595
0.451 0.137785
0.452 0.144042
0.453 0.150366
0.454 0.156756
0.455 0.16321
0.456 0.169728
0.457 0.176309
0.458 0.182951
0.459 0.189653
0.46 0.196414
0.461 0.203233
0.462 0.210108
0.463 0.217039
0.464 0.224025
0.465 0.231063
0.466 0.238153
0.467 0.245293
0.468 0.252482
0.469 0.25972
0.47 0.267003
0.471 0.274332
0.472 0.281705
0.473 0.28912
0.474 0.296575
0.475 0.304071
0.476 0.311605
0.477 0.319175
0.478 0.326781
0.479 0.33442
0.48 0.342092
0.481 0.349795
0.482 0.357527
0.483 0.365287
0.484 0.373074
0.485 0.380885
0.486 0.38872
0.487 0.396577
0.488 0.404454
0.489 0.41235
0.49 0.420263
0.491 0.428192
0.492 0.436135
0.493 0.44409
0.494 0.452057
0.495 0.460033
0.496 0.468017
0.497 0.476007
0.498 0.484002
0.499 0.492
0.5 0.5
0.501 0.508
0.502 0.515998
0.503 0.523993
0.504 0.531983
0.505 0.539967
0.506 0.547943
0.507 0.55591
0.508 0.563865
0.509 0.571808
0.51 0.579737
0.511 0.58765
0.512 0.595546
0.513 0.603423
0.514 0.61128
0.515 0.619115
0.516 0.626926
0.517 0.634713
0.518 0.642473
0.519 0.650205
0.52 0.657908
0.521 0.66558
0.522 0.673219
0.523 0.680825
0.524 0.688395
0.525 0.695929
0.526 0.703425
0.527 0.71088
0.528 0.718295
0.529 0.725668
0.53 0.732997
0.531 0.74028
0.532 0.747518
0.533 0.754707
0.534 0.761847
0.535 0.768937
0.536 0.775975
0.537 0.782961
0.538 0.789892
0.539 0.796767
0.54 0.803586
0.541 0.810347
0.542 0.817049
0.543 0.823691
0.544 0.830272
0.545 0.83679
0.546 0.843244
0.547 0.849634
0.548 0.855958
0.549 0.862215
0.55 0.868405
0.551 0.874526
0.552 0.880577
0.553 0.886557
0.554 0.892466
0.555 0.898302
0.556 0.904065
0.557 0.909754
0.558 0.915367
0.559 0.920905
0.56 0.926366
0.561 0.931749
0.562 0.937054
0.563 0.94228
0.564 0.947427
0.565 0.952493
0.566 0.957479
0.567 0.962383
0.568 0.967204
0.569 0.971943
0.57 0.976599
0.571 0.981171
0.572 0.985659
0.573 0.990063
0.574 0.994381
0.575 0.998613
0.576 1.00276
0.577 1.00682
0.578 1.01079
0.579 1.01468
0.58 1.01848
0.581 1.02219
0.582 1.02582
0.583 1.02936
0.584 1.03281
0.585 1.03617
0.586 1.03944
0.587 1.04263
0.588 1.04572
0.589 1.04873
0.59 1.05165
0.591 1.05448
0.592 1.05723
0.593 1.05988
0.594 1.06245
0.595 1.06493
0.596 1.06732
0.597 1.06963
0.598 1.07184
0.599 1.07397
0.6 1.07602
0.601 1.07797
0.602 1.07984
0.603 1.08163
0.604 1.08333
0.605 1.08494
0.606 1.08647
0.607 1.08792
0.608 1.08928
0.609 1.09056
0.61 1.09175
0.611 1.09287
0.612 1.0939
0.613 1.09485
0.614 1.09572
0.615 1.09652
0.616 1.09723
0.617 1.09786
0.618 1.09842
0.619 1.0989
0.62 1.0993
0.621 1.09963
0.622 1.09989
0.623 1.10007
0.624 1.10018
0.625 1.10021
0.626 1.10018
0.627 1.10007
0.628 1.0999
0.629 1.09965
0.63 1.09934
0.631 1.09896
0.632 1.09852
0.633 1.09802
0.634 1.09745
0.635 1.09681
0.636 1.09612
0.637 1.09537
0.638 1.09455
0.639 1.09368
0.64 1.09276
0.641 1.09177
0.642 1.09073
0.643 1.08964
0.644 1.0885
0.645 1.08731
0.646 1.08606
0.647 1.08477
0.648 1.08343
0.649 1.08204
0.65 1.08061
0.651 1.07914
0.652 1.07762
0.653 1.07606
0.654 1.07446
0.655 1.07283
0.656 1.07115
0.657 1.06944
0.658 1.0677
0.659 1.06592
0.66 1.06411
0.661 1.06227
0.662 1.0604
0.663 1.0585
0.664 1.05658
0.665 1.05463
0.666 1.05266
0.667 1.05066
0.668 1.04864
0.669 1.04661
0.67 1.04455
0.671 1.04248
0.672 1.04039
0.673 1.03828
0.674 1.03617
0.675 1.03404
0.676 1.0319
0.677 1.02975
0.678 1.02759
0.679 1.02543
0.68 1.02326
0.681 1.02108
0.682 1.01891
0.683 1.01673
0.684 1.01455
0.685 1.01238
0.686 1.0102
0.687 1.00804
0.688 1.00587
0.689 1.00371
0.69 1.00156
0.691 0.999419
0.692 0.997286
0.693 0.995165
0.694 0.993057
0.695 0.990961
0.696 0.988881
0.697 0.986816
0.698 0.984769
0.699 0.98274
0.7 0.980729
0.701 0.97874
0.702 0.976772
0.703 0.974826
0.704 0.972904
0.705 0.971007
0.706 0.969136
0.707 0.967291
0.708 0.965474
0.709 0.963686
0.71 0.961927
0.711 0.960199
0.712 0.958503
0.713 0.956839
0.714 0.955208
0.715 0.953612
0.716 0.95205
0.717 0.950525
0.718 0.949036
0.719 0.947585
0.72 0.946172
0.721 0.944797
0.722 0.943463
0.723 0.942169
0.724 0.940916
0.725 0.939704
0.726 0.938536
0.727 0.93741
0.728 0.936327
0.729 0.935289
0.73 0.934295
0.731 0.933347
0.732 0.932444
0.733 0.931587
0.734 0.930777
0.735 0.930014
0.736 0.929298
0.737 0.92863
0.738 0.92801
0.739 0.927439
0.74 0.926916
0.741 0.926442
0.742 0.926017
0.743 0.925642
0.744 0.925317
0.745 0.925041
0.746 0.924815
0.747 0.924639
0.748 0.924514
0.749 0.924438
0.75 0.924413
0.751 0.924438
0.752 0.924514
0.753 0.924639
0.754 0.924815
0.755 0.925041
0.756 0.925317
0.757 0.925642
0.758 0.926017
0.759 0.926442
0.76 0.926916
0.761 0.927439
0.762 0.92801
0.763 0.92863
0.764 0.929298
0.765 0.930014
0.766 0.930777
0.767 0.931587
0.768 0.932444
0.769 0.933347
0.77 0.934295
0.771 0.935289
0.772 0.936327
0.773 0.93741
0.774 0.938536
0.775 0.939704
0.776 0.940916
0.777 0.942169
0.778 0.943463
0.779 0.944797
0.78 0.946172
0.781 0.947585
0.782 0.949036
0.783 0.950525
0.784 0.95205
0.785 0.953612
0.786 0.955208
0.787 0.956839
0.788 0.958503
0.789 0.960199
0.79 0.961927
0.791 0.963686
0.792 0.965474
0.793 0.967291
0.794 0.969136
0.795 0.971007
0.796 0.972904
0.797 0.974826
0.798 0.976772
0.799 0.97874
0.8 0.980729
0.801 0.98274
0.802 0.984769
0.803 0.986816
0.804 0.988881
0.805 0.990961
0.806 0.993057
0.807 0.995165
0.808 0.997286
0.809 0.999419
0.81 1.00156
0.811 1.00371
0.812 1.00587
0.813 1.00804
0.814 1.0102
0.815 1.01238
0.816 1.01455
0.817 1.01673
0.818 1.01891
0.819 1.02108
0.82 1.02326
0.821 1.02543
0.822 1.02759
0.823 1.02975
0.824 1.0319
0.825 1.03404
0.826 1.03617
0.827 1.03828
0.828 1.04039
0.829 1.04248
0.83 1.04455
0.831 1.04661
0.832 1.04864
0.833 1.05066
0.834 1.05266
0.835 1.05463
0.836 1.05658
0.837 1.0585
0.838 1.0604
0.839 1.06227
0.84 1.06411
0.841 1.06592
0.842 1.0677
0.843 1.06944
0.844 1.07115
0.845 1.07283
0.846 1.07446
0.847 1.07606
0.848 1.07762
0.849 1.07914
0.85 1.08061
0.851 1.08204
0.852 1.08343
0.853 1.08477
0.854 1.08606
0.855 1.08731
0.856 1.0885
0.857 1.08964
0.858 1.09073
0.859 1.09177
0.86 1.09276
0.861 1.09368
0.862 1.09455
0.863 1.09537
0.864 1.09612
0.865 1.09681
0.866 1.09745
0.867 1.09802
0.868 1.09852
0.869 1.09896
0.87 1.09934
0.871 1.09965
0.872 1.0999
0.873 1.10007
0.874 1.10018
0.875 1.10021
0.876 1.10018
0.877 1.10007
0.878 1.09989
0.879 1.09963
0.88 1.0993
0.881 1.0989
0.882 1.09842
0.883 1.09786
0.884 1.09723
0.885 1.09652
0.886 1.09572
0.887 1.09485
0.888 1.0939
0.889 1.09287
0.89 1.09175
0.891 1.09056
0.892 1.08928
0.893 1.08792
0.894 1.08647
0.895 1.08494
0.896 1.08333
0.897 1.08163
0.898 1.07984
0.899 1.07797
0.9 1.07602
0.901 1.07397
0.902 1.07184
0.903 1.06963
0.904 1.06732
0.905 1.06493
0.906 1.06245
0.907 1.05988
0.908 1.05723
0.909 1.05448
0.91 1.05165
0.911 1.04873
0.912 1.04572
0.913 1.04263
0.914 1.03944
0.915 1.03617
0.916 1.03281
0.917 1.02936
0.918 1.02582
0.919 1.02219
0.92 1.01848
0.921 1.01468
0.922 1.01079
0.923 1.00682
0.924 1.00276
0.925 0.998613
0.926 0.994381
0.927 0.990063
0.928 0.985659
0.929 0.981171
0.93 0.976599
0.931 0.971943
0.932 0.967204
0.933 0.962383
0.934 0.957479
0.935 0.952493
0.936 0.947427
0.937 0.94228
0.938 0.937054
0.939 0.931749
0.94 0.926366
0.941 0.920905
0.942 0.915367
0.943 0.909754
0.944 0.904065
0.945 0.898302
0.946 0.892466
0.947 0.886557
0.948 0.880577
0.949 0.874526
0.95 0.868405
0.951 0.862215
0.952 0.855958
0.953 0.849634
0.954 0.843244
0.955 0.83679
0.956 0.830272
0.957 0.823691
0.958 0.817049
0.959 0.810347
0.96 0.803586
0.961 0.796767
0.962 0.789892
0.963 0.782961
0.964 0.775975
0.965 0.768937
0.966 0.761847
0.967 0.754707
0.968 0.747518
0.969 0.74028
0.97 0.732997
0.971 0.725668
0.972 0.718295
0.973 0.71088
0.974 0.703425
0.975 0.695929
0.976 0.688395
0.977 0.680825
0.978 0.673219
0.979 0.66558
0.98 0.657908
0.981 0.650205
0.982 0.642473
0.983 0.634713
0.984 0.626926
0.985 0.619115
0.986 0.61128
0.987 0.603423
0.988 0.595546
0.989 0.58765
0.99 0.579737
0.991 0.571808
0.992 0.563865
0.993 0.55591
0.994 0.547943
0.995 0.539967
0.996 0.531983
0.997 0.523993
0.998 0.515998
0.999 0.508
1 0.5
1.001 0.492
1.002 0.484002
1.003 0.476007
1.004 0.468017
1.005 0.460033
1.006 0.452057
1.007 0.44409
1.008 0.436135
1.009 0.428192
1.01 0.420263
1.011 0.41235
1.012 0.404454
1.013 0.396577
1.014 0.38872
1.015 0.380885
1.016 0.373074
1.017 0.365287
1.018 0.357527
1.019 0.349795
1.02 0.342092
1.021 0.33442
1.022 0.326781
1.023 0.319175
1.024 0.311605
1.025 0.304071
1.026 0.296575
1.027 0.28912
1.028 0.281705
1.029 0.274332
1.03 0.267003
1.031 0.25972
1.032 0.252482
1.033 0.245293
1.034 0.238153
1.035 0.231063
1.036 0.224025
1.037 0.217039
1.038 0.210108
1.039 0.203233
1.04 0.196414
1.041 0.189653
1.042 0.182951
1.043 0.176309
1.044 0.169728
1.045 0.16321
1.046 0.156756
1.047 0.150366
1.048 0.144042
1.049 0.137785
1.05 0.131595
1.051 0.125474
1.052 0.119423
1.053 0.113443
1.054 0.107534
1.055 0.101698
1.056 0.0959348
1.057 0.0902462
1.058 0.0846327
1.059 0.0790952
1.06 0.0736344
1.061 0.068251
1.062 0.0629459
1.063 0.0577196
1.064 0.052573
1.065 0.0475067
1.066 0.0425213
1.067 0.0376174
1.068 0.0327957
1.069 0.0280566
1.07 0.0234008
1.071 0.0188286
1.072 0.0143407
1.073 0.00993748
1.074 0.00561934
1.075 0.0013867
1.076 -0.00276007
1.077 -0.00682061
1.078 -0.0107946
1.079 -0.0146817
1.08 -0.0184818
1.081 -0.0221944
1.082 -0.0258195
1.083 -0.0293569
1.084 -0.0328063
1.085 -0.0361677
1.086 -0.0394409
1.087 -0.0426259
1.088 -0.0457227
1.089 -0.0487311
1.09 -0.0516512
1.091 -0.0544831
1.092 -0.0572267
1.093 -0.0598822
1.094 -0.0624497
1.095 -0.0649294
1.096 -0.0673213
1.097 -0.0696257
1.098 -0.0718428
1.099 -0.0739729
1.1 -0.0760162
1.101 -0.077973
1.102 -0.0798436
1.103 -0.0816285
1.104 -0.0833279
1.105 -0.0849423
1.106 -0.0864721
1.107 -0.0879178
1.108 -0.0892798
1.109 -0.0905586
1.11 -0.0917548
1.111 -0.0928689
1.112 -0.0939014
1.113 -0.0948531
1.114 -0.0957244
1.115 -0.0965162
1.116 -0.0972289
1.117 -0.0978633
1.118 -0.0984202
1.119 -0.0989003
1.12 -0.0993042
1.121 -0.0996329
1.122 -0.099887
1.123 -0.100068
1.124 -0.100175
1.125 -0.100211
1.126 -0.100175
1.127 -0.10007
1.128 -0.0998951
1.129 -0.0996519
1.13 -0.0993414
1.131 -0.0989645
1.132 -0.0985222
1.133 -0.0980156
1.134 -0.0974456
1.135 -0.0968133
1.136 -0.0961198
1.137 -0.0953662
1.138 -0.0945534
1.139 -0.0936828
1.14 -0.0927553
1.141 -0.0917721
1.142 -0.0907344
1.143 -0.0896433
1.144 -0.0885
1.145 -0.0873057
1.146 -0.0860616
1.147 -0.0847689
1.148 -0.0834289
1.149 -0.0820427
1.15 -0.0806117
1.151 -0.079137
1.152 -0.0776199
1.153 -0.0760618
1.154 -0.0744638
1.155 -0.0728273
1.156 -0.0711535
1.157 -0.0694439
1.158 -0.0676996
1.159 -0.065922
1.16 -0.0641124
1.161 -0.0622721
1.162 -0.0604025
1.163 -0.0585049
1.164 -0.0565806
1.165 -0.054631
1.166 -0.0526573
1.167 -0.050661
1.168 -0.0486434
1.169 -0.0466058
1.17 -0.0445496
1.171 -0.0424761
1.172 -0.0403866
1.173 -0.0382826
1.174 -0.0361652
1.175 -0.0340359
1.176 -0.0318961
1.177 -0.0297469
1.178 -0.0275899
1.179 -0.0254262
1.18 -0.0232572
1.181 -0.0210842
1.182 -0.0189085
1.183 -0.0167314
1.184 -0.0145543
1.185 -0.0123783
1.186 -0.0102048
1.187 -0.0080351
1.188 -0.00587037
1.189 -0.0037119
1.19 -0.00156092
1.191 0.000581315
1.192 0.0027136
1.193 0.00483471
1.194 0.00694345
1.195 0.00903864
1.196 0.0111191
1.197 0.0131837
1.198 0.0152312
1.199 0.0172605
1.2 0.0192705
1.201 0.0212601
1.202 0.0232282
1.203 0.0251737
1.204 0.0270956
1.205 0.0289928
1.206 0.0308642
1.207 0.0327089
1.208 0.0345259
1.209 0.0363142
1.21 0.0380728
1.211 0.0398007
1.212 0.0414971
1.213 0.0431611
1.214 0.0447918
1.215 0.0463882
1.216 0.0479496
1.217 0.0494751
1.218 0.0509639
1.219 0.0524153
1.22 0.0538285
1.221 0.0552026
1.222 0.0565371
1.223 0.0578312
1.224 0.0590842
1.225 0.0602955
1.226 0.0614645
1.227 0.0625905
1.228 0.0636729
1.229 0.0647112
1.23 0.0657049
1.231 0.0666534
1.232 0.0675562
1.233 0.0684129
1.234 0.0692231
1.235 0.0699862
1.236 0.070702
1.237 0.07137
1.238 0.07199
1.239 0.0725615
1.24 0.0730843
1.241 0.0735581
1.242 0.0739827
1.243 0.0743579
1.244 0.0746834
1.245 0.0749592
1.246 0.075185
1.247 0.0753607
1.248 0.0754863
1.249 0.0755617
1.25 0.0755868
1.251 0.0755617
1.252 0.0754863
1.253 0.0753607
1.254 0.075185
1.255 0.0749592
1.256 0.0746834
1.257 0.0743579
1.258 0.0739827
1.259 0.0735581
1.26 0.0730843
1.261 0.0725615
1.262 0.07199
1.263 0.07137
1.264 0.070702
1.265 0.0699862
1.266 0.0692231
1.267 0.0684129
1.268 0.0675562
1.269 0.0666534
1.27 0.0657049
1.271 0.0647112
1.272 0.0636729
1.273 0.0625905
1.274 0.0614645
1.275 0.0602955
1.276 0.0590842
1.277 0.0578312
1.278 0.0565371
1.279 0.0552026
1.28 0.0538285
1.281 0.0524153
1.282 0.0509639
1.283 0.0494751
1.284 0.0479496
1.285 0.0463882
1.286 0.0447918
1.287 0.0431611
1.288 0.0414971
1.289 0.0398007
1.29 0.0380728
1.291 0.0363142
1.292 0.0345259
1.293 0.0327089
1.294 0.0308642
1.295 0.0289928
1.296 0.0270956
1.297 0.0251737
1.298 0.0232282
1.299 0.0212601
1.3 0.0192705
1.301 0.0172605
1.302 0.0152312
1.303 0.0131837
1.304 0.0111191
1.305 0.00903864
1.306 0.00694345
1.307 0.00483471
1.308 0.0027136
1.309 0.000581315
1.31 -0.00156092
1.311 -0.0037119
1.312 -0.00587037
1.313 -0.0080351
1.314 -0.0102048
1.315 -0.0123783
1.316 -0.0145543
1.317 -0.0167314
1.318 -0.0189085
1.319 -0.0210842
1.32 -0.0232572
1.321 -0.0254262
1.322 -0.0275899
1.323 -0.0297469
1.324 -0.0318961
1.325 -0.0340359
1.326 -0.0361652
1.327 -0.0382826
1.328 -0.0403866
1.329 -0.0424761
1.33 -0.0445496
1.331 -0.0466058
1.332 -0.0486434
1.333 -0.050661
1.334 -0.0526573
1.335 -0.054631
1.336 -0.0565806
1.337 -0.0585049
1.338 -0.0604025
1.339 -0.0622721
1.34 -0.0641124
1.341 -0.065922
1.342 -0.0676996
1.343 -0.0694439
1.344 -0.0711535
1.345 -0.0728273
1.346 -0.0744638
1.347 -0.0760618
1.348 -0.0776199
1.349 -0.079137
1.35 -0.0806117
1.351 -0.0820427
1.352 -0.0834289
1.353 -0.0847689
1.354 -0.0860616
1.355 -0.0873057
1.356 -0.0885
1.357 -0.0896433
1.358 -0.0907344
1.359 -0.0917721
1.36 -0.0927553
1.361 -0.0936828
1.362 -0.0945534
1.363 -0.0953662
1.364 -0.0961198
1.365 -0.0968133
1.366 -0.0974456
1.367 -0.0980156
1.368 -0.0985222
1.369 -0.0989645
1.37 -0.0993414
1.371 -0.0996519
1.372 -0.0998951
1.373 -0.10007
1.374 -0.100175
1.375 -0.100211
1.376 -0.100175
1.377 -0.100068
1.378 -0.099887
1.379 -0.0996329
1.38 -0.0993042
1.381 -0.0989003
1.382 -0.0984202
1.383 -0.0978633
1.384 -0.0972289
1.385 -0.0965162
1.386 -0.0957244
1.387 -0.0948531
1.388 -0.0939014
1.389 -0.0928689
1.39 -0.0917548
1.391 -0.0905586
1.392 -0.0892798
1.393 -0.0879178
1.394 -0.0864721
1.395 -0.0849423
1.396 -0.0833279
1.397 -0.0816285
1.398 -0.0798436
1.399 -0.077973
1.4 -0.0760162
1.401 -0.0739729
1.402 -0.0718428
1.403 -0.0696257
1.404 -0.0673213
1.405 -0.0649294
1.406 -0.0624497
1.407 -0.0598822
1.408 -0.0572267
1.409 -0.0544831
1.41 -0.0516512
1.411 -0.0487311
1.412 -0.0457227
1.413 -0.0426259
1.414 -0.0394409
1.415 -0.0361677
1.416 -0.0328063
1.417 -0.0293569
1.418 -0.0258195
1.419 -0.0221944
1.42 -0.0184818
1.421 -0.0146817
1.422 -0.0107946
1.423 -0.00682061
1.424 -0.00276007
1.425 0.0013867
1.426 0.00561934
1.427 0.00993748
1.428 0.0143407
1.429 0.0188286
1.43 0.0234008
1.431 0.0280566
1.432 0.0327957
1.433 0.0376174
1.434 0.0425213
1.435 0.0475067
1.436 0.052573
1.437 0.0577196
1.438 0.0629459
1.439 0.068251
1.44 0.0736344
1.441 0.0790952
1.442 0.0846327
1.443 0.0902462
1.444 0.0959348
1.445 0.101698
1.446 0.107534
1.447 0.113443
1.448 0.119423
1.449 0.125474
1.45 0.131595
1.451 0.137785
1.452 0.144042
1.453 0.150366
1.454 0.156756
1.455 0.16321
1.456 0.169728
1.457 0.176309
1.458 0.182951
1.459 0.189653
1.46 0.196414
1.461 0.203233
1.462 0.210108
1.463 0.217039
1.464 0.224025
1.465 0.231063
1.466 0.238153
1.467 0.245293
1.468 0.252482
1.469 0.25972
1.47 0.267003
1.471 0.274332
1.472 0.281705
1.473 0.28912
1.474 0.296575
1.475 0.304071
1.476 0.311605
1.477 0.319175
1.478 0.326781
1.479 0.33442
1.48 0.342092
1.481 0.349795
1.482 0.357527
1.483 0.365287
1.484 0.373074
1.485 0.380885
1.486 0.38872
1.487 0.396577
1.488 0.404454
1.489 0.41235
1.49 0.420263
1.491 0.428192
1.492 0.436135
1.493 0.44409
1.494 0.452057
1.495 0.460033
1.496 0.468017
1.497 0.476007
1.498 0.484002
1.499 0.492
1.5 0.5
1.501 0.508
1.502 0.515998
1.503 0.523993
1.504 0.531983
1.505 0.539967
1.506 0.547943
1.507 0.55591
1.508 0.563865
1.509 0.571808
1.51 0.579737
1.511 0.58765
1.512 0.595546
1.513 0.603423
1.514 0.61128
1.515 0.619115
1.516 0.626926
1.517 0.634713
1.518 0.642473
1.519 0.650205
1.52 0.657908
1.521 0.66558
1.522 0.673219
1.523 0.680825
1.524 0.688395
1.525 0.695929
1.526 0.703425
1.527 0.71088
1.528 0.718295
1.529 0.725668
1.53 0.732997
1.531 0.74028
1.532 0.747518
1.533 0.754707
1.534 0.761847
1.535 0.768937
1.536 0.775975
1.537 0.782961
1.538 0.789892
1.539 0.796767
1.54 0.803586
1.541 0.810347
1.542 0.817049
1.543 0.823691
1.544 0.830272
1.545 0.83679
1.546 0.843244
1.547 0.849634
1.548 0.855958
1.549 0.862215
1.55 0.868405
1.551 0.874526
1.552 0.880577
1.553 0.886557
1.554 0.892466
1.555 0.898302
1.556 0.904065
1.557 0.909754
1.558 0.915367
1.559 0.920905
1.56 0.926366
1.561 0.931749
1.562 0.937054
1.563 0.94228
1.564 0.947427
1.565 0.952493
1.566 0.957479
1.567 0.962383
1.568 0.967204
1.569 0.971943
1.57 0.976599
1.571 0.981171
1.572 0.985659
1.573 0.990063
1.574 0.994381
1.575 0.998613
1.576 1.00276
1.577 1.00682
1.578 1.01079
1.579 1.01468
1.58 1.01848
1.581 1.02219
1.582 1.02582
1.583 1.02936
1.584 1.03281
1.585 1.03617
1.586 1.03944
1.587 1.04263
1.588 1.04572
1.589 1.04873
1.59 1.05165
1.591 1.05448
1.592 1.05723
1.593 1.05988
1.594 1.06245
1.595 1.06493
1.596 1.06732
1.597 1.06963
1.598 1.07184
1.599 1.07397
1.6 1.07602
1.601 1.07797
1.602 1.07984
1.603 1.08163
1.604 1.08333
1.605 1.08494
1.606 1.08647
1.607 1.08792
1.608 1.08928
1.609 1.09056
1.61 1.09175
1.611 1.09287
1.612 1.0939
1.613 1.09485
1.614 1.09572
1.615 1.09652
1.616 1.09723
1.617 1.09786
1.618 1.09842
1.619 1.0989
1.62 1.0993
1.621 1.09963
1.622 1.09989
1.623 1.10007
1.624 1.10018
1.625 1.10021
1.626 1.10018
1.627 1.10007
1.628 1.0999
1.629 1.09965
1.63 1.09934
1.631 1.09896
1.632 1.09852
1.633 1.09802
1.634 1.09745
1.635 1.09681
1.636 1.09612
1.637 1.09537
1.638 1.09455
1.639 1.09368
1.64 1.09276
1.641 1.09177
1.642 1.09073
1.643 1.08964
1.644 1.0885
1.645 1.08731
1.646 1.08606
1.647 1.08477
1.648 1.08343
1.649 1.08204
1.65 1.08061
1.651 1.07914
1.652 1.07762
1.653 1.07606
1.654 1.07446
1.655 1.07283
1.656 1.07115
1.657 1.06944
1.658 1.0677
1.659 1.06592
1.66 1.06411
1.661 1.06227
1.662 1.0604
1.663 1.0585
1.664 1.05658
1.665 1.05463
1.666 1.05266
1.667 1.05066
1.668 1.04864
1.669 1.04661
1.67 1.04455
1.671 1.04248
1.672 1.04039
1.673 1.03828
1.674 1.03617
1.675 1.03404
1.676 1.0319
1.677 1.02975
1.678 1.02759
1.679 1.02543
1.68 1.02326
1.681 1.02108
1.682 1.01891
1.683 1.01673
1.684 1.01455
1.685 1.01238
1.686 1.0102
1.687 1.00804
1.688 1.00587
1.689 1.00371
1.69 1.00156
1.691 0.999419
1.692 0.997286
1.693 0.995165
1.694 0.993057
1.695 0.990961
1.696 0.988881
1.697 0.986816
1.698 0.984769
1.699 0.98274
1.7 0.980729
1.701 0.97874
1.702 0.976772
1.703 0.974826
1.704 0.972904
1.705 0.971007
1.706 0.969136
1.707 0.967291
1.708 0.965474
1.709 0.963686
1.71 0.961927
1.711 0.960199
1.712 0.958503
1.713 0.956839
1.714 0.955208
1.715 0.953612
1.716 0.95205
1.717 0.950525
1.718 0.949036
1.719 0.947585
1.72 0.946172
1.721 0.944797
1.722 0.943463
1.723 0.942169
1.724 0.940916
1.725 0.939704
1.726 0.938536
1.727 0.93741
1.728 0.936327
1.729 0.935289
1.73 0.934295
1.731 0.933347
1.732 0.932444
1.733 0.931587
1.734 0.930777
1.735 0.930014
1.736 0.929298
1.737 0.92863
1.738 0.92801
1.739 0.927439
1.74 0.926916
1.741 0.926442
1.742 0.926017
1.743 0.925642
1.744 0.925317
1.745 0.925041
1.746 0.924815
1.747 0.924639
1.748 0.924514
1.749 0.924438
1.75 0.924413
1.751 0.924438
1.752 0.924514
1.753 0.924639
1.754 0.924815
1.755 0.925041
1.756 0.925317
1.757 0.925642
1.758 0.926017
1.759 0.926442
1.76 0.926916
1.761 0.927439
1.762 0.92801
1.763 0.92863
1.764 0.929298
1.765 0.930014
1.766 0.930777
1.767 0.931587
1.768 0.932444
1.769 0.933347
1.77 0.934295
1.771 0.935289
1.772 0.936327
1.773 0.93741
1.774 0.938536
1.775 0.939704
1.776 0.940916
1.777 0.942169
1.778 0.943463
1.779 0.944797
1.78 0.946172
1.781 0.947585
1.782 0.949036
1.783 0.950525
1.784 0.95205
1.785 0.953612
1.786 0.955208
1.787 0.956839
1.788 0.958503
1.789 0.960199
1.79 0.961927
1.791 0.963686
1.792 0.965474
1.793 0.967291
1.794 0.969136
1.795 0.971007
1.796 0.972904
1.797 0.974826
1.798 0.976772
1.799 0.97874
1.8 0.980729
1.801 0.98274
1.802 0.984769
1.803 0.986816
1.804 0.988881
1.805 0.990961
1.806 0.993057
1.807 0.995165
1.808 0.997286
1.809 0.999419
1.81 1.00156
1.811 1.00371
1.812 1.00587
1.813 1.00804
1.814 1.0102
1.815 1.01238
1.816 1.01455
1.817 1.01673
1.818 1.01891
1.819 1.02108
1.82 1.02326
1.821 1.02543
1.822 1.02759
1.823 1.02975
1.824 1.0319
1.825 1.03404
1.826 1.03617
1.827 1.03828
1.828 1.04039
1.829 1.04248
1.83 1.04455
1.831 1.04661
1.832 1.04864
1.833 1.05066
1.834 1.05266
1.835 1.05463
1.836 1.05658
1.837 1.0585
1.838 1.0604
1.839 1.06227
1.84 1.06411
1.841 1.06592
1.842 1.0677
1.843 1.06944
1.844 1.07115
1.845 1.07283
1.846 1.07446
1.847 1.07606
1.848 1.07762
1.849 1.07914
1.85 1.08061
1.851 1.08204
1.852 1.08343
1.853 1.08477
1.854 1.08606
1.855 1.08731
1.856 1.0885
1.857 1.08964
1.858 1.09073
1.859 1.09177
1.86 1.09276
1.861 1.09368
1.862 1.09455
1.863 1.09537
1.864 1.09612
1.865 1.09681
1.866 1.09745
1.867 1.09802
1.868 1.09852
1.869 1.09896
1.87 1.09934
1.871 1.09965
1.872 1.0999
1.873 1.10007
1.874 1.10018
1.875 1.10021
1.876 1.10018
1.877 1.10007
1.878 1.09989
1.879 1.09963
1.88 1.0993
1.881 1.0989
1.882 1.09842
1.883 1.09786
1.884 1.09723
1.885 1.09652
1.886 1.09572
1.887 1.09485
1.888 1.0939
1.889 1.09287
1.89 1.09175
1.891 1.09056
1.892 1.08928
1.893 1.08792
1.894 1.08647
1.895 1.08494
1.896 1.08333
1.897 1.08163
1.898 1.07984
1.899 1.07797
1.9 1.07602
1.901 1.07397
1.902 1.07184
1.903 1.06963
1.904 1.06732
1.905 1.06493
1.906 1.06245
1.907 1.05988
1.908 1.05723
1.909 1.05448
1.91 1.05165
1.911 1.04873
1.912 1.04572
1.913 1.04263
1.914 1.03944
1.915 1.03617
1.916 1.03281
1.917 1.02936
1.918 1.02582
1.919 1.02219
1.92 1.01848
1.921 1.01468
1.922 1.01079
1.923 1.00682
1.924 1.00276
1.925 0.998613
1.926 0.994381
1.927 0.990063
1.928 0.985659
1.929 0.981171
1.93 0.976599
1.931 0.971943
1.932 0.967204
1.933 0.962383
1.934 0.957479
1.935 0.952493
1.936 0.947427
1.937 0.94228
1.938 0.937054
1.939 0.931749
1.94 0.926366
1.941 0.920905
1.942 0.915367
1.943 0.909754
1.944 0.904065
1.945 0.898302
1.946 0.892466
1.947 0.886557
1.948 0.880577
1.949 0.874526
1.95 0.868405
1.951 0.862215
1.952 0.855958
1.953 0.849634
1.954 0.843244
1.955 0.83679
1.956 0.830272
1.957 0.823691
1.958 0.817049
1.959 0.810347
1.96 0.803586
1.961 0.796767
1.962 0.789892
1.963 0.782961
1.964 0.775975
1.965 0.768937
1.966 0.761847
1.967 0.754707
1.968 0.747518
1.969 0.74028
1.97 0.732997
1.971 0.725668
1.972 0.718295
1.973 0.71088
1.974 0.703425
1.975 0.695929
1.976 0.688395
1.977 0.680825
1.978 0.673219
1.979 0.66558
1.98 0.657908
1.981 0.650205
1.982 0.642473
1.983 0.634713
1.984 0.626926
1.985 0.619115
1.986 0.61128
1.987 0.603423
1.988 0.595546
1.989 0.58765
1.99 0.579737
1.991 0.571808
1.992 0.563865
1.993 0.55591
1.994 0.547943
1.995 0.539967
1.996 0.531983
1.997 0.523993
1.998 0.515998
1.999 0.508
2 0.5
2.001 0.492
2.002 0.484002
2.003 0.476007
2.004 0.468017
2.005 0.460033
2.006 0.452057
2.007 0.44409
2.008 0.436135
2.009 0.428192
2.01 0.420263
2.011 0.41235
2.012 0.404454
2.013 0.396577
2.014 0.38872
2.015 0.380885
2.016 0.373074
2.017 0.365287
2.018 0.357527
2.019 0.349795
2.02 0.342092
2.021 0.33442
2.022 0.326781
2.023 0.319175
2.024 0.311605
2.025 0.304071
2.026 0.296575
2.027 0.28912
2.028 0.281705
2.029 0.274332
2.03 0.267003
2.031 0.25972
2.032 0.252482
2.033 0.245293
2.034 0.238153
2.035 0.231063
2.036 0.224025
2.037 0.217039
2.038 0.210108
2.039 0.203233
2.04 0.196414
2.041 0.189653
2.042 0.182951
2.043 0.176309
2.044 0.169728
2.045 0.16321
2.046 0.156756
2.047 0.150366
2.048 0.144042
2.049 0.137785
2.05 0.131595
2.051 0.125474
2.052 0.119423
2.053 0.113443
2.054 0.107534
2.055 0.101698
2.056 0.0959348
2.057 0.0902462
2.058 0.0846327
2.059 0.0790952
2.06 0.0736344
2.061 0.068251
2.062 0.0629459
2.063 0.0577196
2.064 0.052573
2.065 0.0475067
2.066 0.0425213
2.067 0.0376174
2.068 0.0327957
2.069 0.0280566
2.07 0.0234008
2.071 0.0188286
2.072 0.0143407
2.073 0.00993748
2.074 0.00561934
2.075 0.0013867
2.076 -0.00276007
2.077 -0.00682061
2.078 -0.0107946
2.079 -0.0146817
2.08 -0.0184818
2.081 -0.0221944
2.082 -0.0258195
2.083 -0.0293569
2.084 -0.0328063
2.085 -0.0361677
2.086 -0.0394409
2.087 -0.0426259
2.088 -0.0457227
2.089 -0.0487311
2.09 -0.0516512
2.091 -0.0544831
2.092 -0.0572267
2.093 -0.0598822
2.094 -0.0624497
2.095 -0.0649294
2.096 -0.0673213
2.097 -0.0696257
2.098 -0.0718428
2.099 -0.0739729
2.1 -0.0760162
2.101 -0.077973
2.102 -0.0798436
2.103 -0.0816285
2.104 -0.0833279
2.105 -0.0849423
2.106 -0.0864721
2.107 -0.0879178
2.108 -0.0892798
2.109 -0.0905586
2.11 -0.0917548
2.111 -0.0928689
2.112 -0.0939014
2.113 -0.0948531
2.114 -0.0957244
2.115 -0.0965162
2.116 -0.0972289
2.117 -0.0978633
2.118 -0.0984202
2.119 -0.0989003
2.12 -0.0993042
2.121 -0.0996329
2.122 -0.099887
2.123 -0.100068
2.124 -0.100175
2.125 -0.100211
2.126 -0.100175
2.127 -0.10007
2.128 -0.0998951
2.129 -0.0996519
2.13 -0.0993414
2.131 -0.0989645
2.132 -0.0985222
2.133 -0.0980156
2.134 -0.0974456
2.135 -0.0968133
2.136 -0.0961198
2.137 -0.0953662
2.138 -0.0945534
2.139 -0.0936828
2.14 -0.0927553
2.141 -0.0917721
2.142 -0.0907344
2.143 -0.0896433
2.144 -0.0885
2.145 -0.0873057
2.146 -0.0860616
2.147 -0.0847689
2.148 -0.0834289
2.149 -0.0820427
2.15 -0.0806117
2.151 -0.079137
2.152 -0.0776199
2.153 -0.0760618
2.154 -0.0744638
2.155 -0.0728273
2.156 -0.0711535
2.157 -0.0694439
2.158 -0.0676996
2.159 -0.065922
2.16 -0.0641124
2.161 -0.0622721
2.162 -0.0604025
2.163 -0.0585049
2.164 -0.0565806
2.165 -0.054631
2.166 -0.0526573
2.167 -0.050661
2.168 -0.0486434
2.169 -0.0466058
2.17 -0.0445496
2.171 -0.0424761
2.172 -0.0403866
2.173 -0.0382826
2.174 -0.0361652
2.175 -0.0340359
2.176 -0.0318961
2.177 -0.0297469
2.178 -0.0275899
2.179 -0.0254262
2.18 -0.0232572
2.181 -0.0210842
2.182 -0.0189085
2.183 -0.0167314
2.184 -0.0145543
2.185 -0.0123783
2.186 -0.0102048
2.187 -0.0080351
2.188 -0.00587037
2.189 -0.0037119
2.19 -0.00156092
2.191 0.000581315
2.192 0.0027136
2.193 0.00483471
2.194 0.00694345
2.195 0.00903864
2.196 0.0111191
2.197 0.0131837
2.198 0.0152312
2.199 0.0172605
2.2 0.0192705
2.201 0.0212601
2.202 0.0232282
2.203 0.0251737
2.204 0.0270956
2.205 0.0289928
2.206 0.0308642
2.207 0.0327089
2.208 0.0345259
2.209 0.0363142
2.21 0.0380728
2.211 0.0398007
2.212 0.0414971
2.213 0.0431611
2.214 0.0447918
2.215 0.0463882
2.216 0.0479496
2.217 0.0494751
2.218 0.0509639
2.219 0.0524153
2.22 0.0538285
2.221 0.0552026
2.222 0.0565371
2.223 0.0578312
2.224 0.0590842
2.225 0.0602955
2.226 0.0614645
2.227 0.0625905
2.228 0.0636729
2.229 0.0647112
2.23 0.0657049
2.231 0.0666534
2.232 0.0675562
2.233 0.0684129
2.234 0.0692231
2.235 0.0699862
2.236 0.070702
2.237 0.07137
2.238 0.07199
2.239 0.0725615
2.24 0.0730843
2.241 0.0735581
2.242 0.0739827
2.243 0.0743579
2.244 0.0746834
2.245 0.0749592
2.246 0.075185
2.247 0.0753607
2.248 0.0754863
2.249 0.0755617
2.25 0.0755868
2.251 0.0755617
2.252 0.0754863
2.253 0.0753607
2.254 0.075185
2.255 0.0749592
2.256 0.0746834
2.257 0.0743579
2.258 0.0739827
2.259 0.0735581
2.26 0.0730843
2.261 0.0725615
2.262 0.07199
2.263 0.07137
2.264 0.070702
2.265 0.0699862
2.266 0.0692231
2.267 0.0684129
2.268 0.0675562
2.269 0.0666534
2.27 0.0657049
2.271 0.0647112
2.272 0.0636729
2.273 0.0625905
2.274 0.0614645
2.275 0.0602955
2.276 0.0590842
2.277 0.0578312
2.278 0.0565371
2.279 0.0552026
2.28 0.0538285
2.281 0.0524153
2.282 0.0509639
2.283 0.0494751
2.284 0.0479496
2.285 0.0463882
2.286 0.0447918
2.287 0.0431611
2.288 0.0414971
2.289 0.0398007
2.29 0.0380728
2.291 0.0363142
2.292 0.0345259
2.293 0.0327089
2.294 0.0308642
2.295 0.0289928
2.296 0.0270956
2.297 0.0251737
2.298 0.0232282
2.299 0.0212601
2.3 0.0192705
2.301 0.0172605
2.302 0.0152312
2.303 0.0131837
2.304 0.0111191
2.305 0.00903864
2.306 0.00694345
2.307 0.00483471
2.308 0.0027136
2.309 0.000581315
2.31 -0.00156092
2.311 -0.0037119
2.312 -0.00587037
2.313 -0.0080351
2.314 -0.0102048
2.315 -0.0123783
2.316 -0.0145543
2.317 -0.0167314
2.318 -0.0189085
2.319 -0.0210842
2.32 -0.0232572
2.321 -0.0254262
2.322 -0.0275899
2.323 -0.0297469
2.324 -0.0318961
2.325 -0.0340359
2.326 -0.0361652
2.327 -0.0382826
2.328 -0.0403866
2.329 -0.0424761
2.33 -0.0445496
2.331 -0.0466058
2.332 -0.0486434
2.333 -0.050661
2.334 -0.0526573
2.335 -0.054631
2.336 -0.0565806
2.337 -0.0585049
2.338 -0.0604025
2.339 -0.0622721
2.34 -0.0641124
2.341 -0.065922
2.342 -0.0676996
2.343 -0.0694439
2.344 -0.0711535
2.345 -0.0728273
2.346 -0.0744638
2.347 -0.0760618
2.348 -0.0776199
2.349 -0.079137
2.35 -0.0806117
2.351 -0.0820427
2.352 -0.0834289
2.353 -0.0847689
2.354 -0.0860616
2.355 -0.0873057
2.356 -0.0885
2.357 -0.0896433
2.358 -0.0907344
2.359 -0.0917721
2.36 -0.0927553
2.361 -0.0936828
2.362 -0.0945534
2.363 -0.0953662
2.364 -0.0961198
2.365 -0.0968133
2.366 -0.0974456
2.367 -0.0980156
2.368 -0.0985222
2.369 -0.0989645
2.37 -0.0993414
2.371 -0.0996519
2.372 -0.0998951
2.373 -0.10007
2.374 -0.100175
2.375 -0.100211
2.376 -0.100175
2.377 -0.100068
2.378 -0.099887
2.379 -0.0996329
2.38 -0.0993042
2.381 -0.0989003
2.382 -0.0984202
2.383 -0.0978633
2.384 -0.0972289
2.385 -0.0965162
2.386 -0.0957244
2.387 -0.0948531
2.388 -0.0939014
2.389 -0.0928689
2.39 -0.0917548
2.391 -0.0905586
2.392 -0.0892798
2.393 -0.0879178
2.394 -0.0864721
2.395 -0.0849423
2.396 -0.0833279
2.397 -0.0816285
2.398 -0.0798436
2.399 -0.077973
2.4 -0.0760162
2.401 -0.0739729
2.402 -0.0718428
2.403 -0.0696257
2.404 -0.0673213
2.405 -0.0649294
2.406 -0.0624497
2.407 -0.0598822
2.408 -0.0572267
2.409 -0.0544831
2.41 -0.0516512
2.411 -0.0487311
2.412 -0.0457227
2.413 -0.0426259
2.414 -0.0394409
2.415 -0.0361677
2.416 -0.0328063
2.417 -0.0293569
2.418 -0.0258195
2.419 -0.0221944
2.42 -0.0184818
2.421 -0.0146817
2.422 -0.0107946
2.423 -0.00682061
2.424 -0.00276007
2.425 0.0013867
2.426 0.00561934
2.427 0.00993748
2.428 0.0143407
2.429 0.0188286
2.43 0.0234008
2.431 0.0280566
2.432 0.0327957
2.433 0.0376174
2.434 0.0425213
2.435 0.0475067
2.436 0.052573
2.437 0.0577196
2.438 0.0629459
2.439 0.068251
2.44 0.0736344
2.441 0.0790952
2.442 0.0846327
2.443 0.0902462
2.444 0.0959348
2.445 0.101698
2.446 0.107534
2.447 0.113443
2.448 0.119423
2.449 0.125474
2.45 0.131595
2.451 0.137785
2.452 0.144042
2.453 0.150366
2.454 0.156756
2.455 0.16321
2.456 0.169728
2.457 0.176309
2.458 0.182951
2.459 0.189653
2.46 0.196414
2.461 0.203233
2.462 0.210108
2.463 0.217039
2.464 0.224025
2.465 0.231063
2.466 0.238153
2.467 0.245293
2.468 0.252482
2.469 0.25972
2.47 0.267003
2.471 0.274332
2.472 0.281705
2.473 0.28912
2.474 0.296575
2.475 0.304071
2.476 0.311605
2.477 0.319175
2.478 0.326781
2.479 0.33442
2.48 0.342092
2.481 0.349795
2.482 0.357527
2.483 0.365287
2.484 0.373074
2.485 0.380885
2.486 0.38872
2.487 0.396577
2.488 0.404454
2.489 0.41235
2.49 0.420263
2.491 0.428192
2.492 0.436135
2.493 0.44409
2.494 0.452057
2.495 0.460033
2.496 0.468017
2.497 0.476007
2.498 0.484002
2.499 0.492
2.5 0.5
2.501 0.508
2.502 0.515998
2.503 0.523993
2.504 0.531983
2.505 0.539967
2.506 0.547943
2.507 0.55591
2.508 0.563865
2.509 0.571808
2.51 0.579737
2.511 0.58765
2.512 0.595546
2.513 0.603423
2.514 0.61128
2.515 0.619115
2.516 0.626926
2.517 0.634713
2.518 0.642473
2.519 0.650205
2.52 0.657908
2.521 0.66558
2.522 0.673219
2.523 0.680825
2.524 0.688395
2.525 0.695929
2.526 0.703425
2.527 0.71088
2.528 0.718295
2.529 0.725668
2.53 0.732997
2.531 0.74028
2.532 0.747518
2.533 0.754707
2.534 0.761847
2.535 0.768937
2.536 0.775975
2.537 0.782961
2.538 0.789892
2.539 0.796767
2.54 0.803586
2.541 0.810347
2.542 0.817049
2.543 0.823691
2.544 0.830272
2.545 0.83679
2.546 0.843244
2.547 0.849634
2.548 0.855958
2.549 0.862215
2.55 0.868405
2.551 0.874526
2.552 0.880577
2.553 0.886557
2.554 0.892466
2.555 0.898302
2.556 0.904065
2.557 0.909754
2.558 0.915367
2.559 0.920905
2.56 0.926366
2.561 0.931749
2.562 0.937054
2.563 0.94228
2.564 0.947427
2.565 0.952493
2.566 0.957479
2.567 0.962383
2.568 0.967204
2.569 0.971943
2.57 0.976599
2.571 0.981171
2.572 0.985659
2.573 0.990063
2.574 0.994381
2.575 0.998613
2.576 1.00276
2.577 1.00682
2.578 1.01079
2.579 1.01468
2.58 1.01848
2.581 1.02219
2.582 1.02582
2.583 1.02936
2.584 1.03281
2.585 1.03617
2.586 1.03944
2.587 1.04263
2.588 1.04572
2.589 1.04873
2.59 1.05165
2.591 1.05448
2.592 1.05723
2.593 1.05988
2.594 1.06245
2.595 1.06493
2.596 1.06732
2.597 1.06963
2.598 1.07184
2.599 1.07397
2.6 1.07602
2.601 1.07797
2.602 1.07984
2.603 1.08163
2.604 1.08333
2.605 1.08494
2.606 1.08647
2.607 1.08792
2.608 1.08928
2.609 1.09056
2.61 1.09175
2.611 1.09287
2.612 1.0939
2.613 1.09485
2.614 1.09572
2.615 1.09652
2.616 1.09723
2.617 1.09786
2.618 1.09842
2.619 1.0989
2.62 1.0993
2.621 1.09963
2.622 1.09989
2.623 1.10007
2.624 1.10018
2.625 1.10021
2.626 1.10018
2.627 1.10007
2.628 1.0999
2.629 1.09965
2.63 1.09934
2.631 1.09896
2.632 1.09852
2.633 1.09802
2.634 1.09745
2.635 1.09681
2.636 1.09612
2.637 1.09537
2.638 1.09455
2.639 1.09368
2.64 1.09276
2.641 1.09177
2.642 1.09073
2.643 1.08964
2.644 1.0885
2.645 1.08731
2.646 1.08606
2.647 1.08477
2.648 1.08343
2.649 1.08204
2.65 1.08061
2.651 1.07914
2.652 1.07762
2.653 1.07606
2.654 1.07446
2.655 1.07283
2.656 1.07115
2.657 1.06944
2.658 1.0677
2.659 1.06592
2.66 1.06411
2.661 1.06227
2.662 1.0604
2.663 1.0585
2.664 1.05658
2.665 1.05463
2.666 1.05266
2.667 1.05066
2.668 1.04864
2.669 1.04661
2.67 1.04455
2.671 1.04248
2.672 1.04039
2.673 1.03828
2.674 1.03617
2.675 1.03404
2.676 1.0319
2.677 1.02975
2.678 1.02759
2.679 1.02543
2.68 1.02326
2.681 1.02108
2.682 1.01891
2.683 1.01673
2.684 1.01455
2.685 1.01238
2.686 1.0102
2.687 1.00804
2.688 1.00587
2.689 1.00371
2.69 1.00156
2.691 0.999419
2.692 0.997286
2.693 0.995165
2.694 0.993057
2.695 0.990961
2.696 0.988881
2.697 0.986816
2.698 0.984769
2.699 0.98274
2.7 0.980729
2.701 0.97874
2.702 0.976772
2.703 0.974826
2.704 0.972904
2.705 0.971007
2.706 0.969136
2.707 0.967291
2.708 0.965474
2.709 0.963686
2.71 0.961927
2.711 0.960199
2.712 0.958503
2.713 0.956839
2.714 0.955208
2.715 0.953612
2.716 0.95205
2.717 0.950525
2.718 0.949036
2.719 0.947585
2.72 0.946172
2.721 0.944797
2.722 0.943463
2.723 0.942169
2.724 0.940916
2.725 0.939704
2.726 0.938536
2.727 0.93741
2.728 0.936327
2.729 0.935289
2.73 0.934295
2.731 0.933347
2.732 0.932444
2.733 0.931587
2.734 0.930777
2.735 0.930014
2.736 0.929298
2.737 0.92863
2.738 0.92801
2.739 0.927439
2.74 0.926916
2.741 0.926442
2.742 0.926017
2.743 0.925642
2.744 0.925317
2.745 0.925041
2.746 0.924815
2.747 0.924639
2.748 0.924514
2.749 0.924438
2.75 0.924413
2.751 0.924438
2.752 0.924514
2.753 0.924639
2.754 0.924815
2.755 0.925041
2.756 0.925317
2.757 0.925642
2.758 0.926017
2.759 0.926442
2.76 0.926916
2.761 0.927439
2.762 0.92801
2.763 0.92863
2.764 0.929298
2.765 0.930014
2.766 0.930777
2.767 0.931587
2.768 0.932444
2.769 0.933347
2.77 0.934295
2.771 0.935289
2.772 0.936327
2.773 0.93741
2.774 0.938536
2.775 0.939704
2.776 0.940916
2.777 0.942169
2.778 0.943463
2.779 0.944797
2.78 0.946172
2.781 0.947585
2.782 0.949036
2.783 0.950525
2.784 0.95205
2.785 0.953612
2.786 0.955208
2.787 0.956839
2.788 0.958503
2.789 0.960199
2.79 0.961927
2.791 0.963686
2.792 0.965474
2.793 0.967291
2.794 0.969136
2.795 0.971007
2.796 0.972904
2.797 0.974826
2.798 0.976772
2.799 0.97874
2.8 0.980729
2.801 0.98274
2.802 0.984769
2.803 0.986816
2.804 0.988881
2.805 0.990961
2.806 0.993057
2.807 0.995165
2.808 0.997286
2.809 0.999419
2.81 1.00156
2.811 1.00371
2.812 1.00587
2.813 1.00804
2.814 1.0102
2.815 1.01238
2.816 1.01455
2.817 1.01673
2.818 1.01891
2.819 1.02108
2.82 1.02326
2.821 1.02543
2.822 1.02759
2.823 1.02975
2.824 1.0319
2.825 1.03404
2.826 1.03617
2.827 1.03828
2.828 1.04039
2.829 1.04248
2.83 1.04455
2.831 1.04661
2.832 1.04864
2.833 1.05066
2.834 1.05266
2.835 1.05463
2.836 1.05658
2.837 1.0585
2.838 1.0604
2.839 1.06227
2.84 1.06411
2.841 1.06592
2.842 1.0677
2.843 1.06944
2.844 1.07115
2.845 1.07283
2.846 1.07446
2.847 1.07606
2.848 1.07762
2.849 1.07914
2.85 1.08061
2.851 1.08204
2.852 1.08343
2.853 1.08477
2.854 1.08606
2.855 1.08731
2.856 1.0885
2.857 1.08964
2.858 1.09073
2.859 1.09177
2.86 1.09276
2.861 1.09368
2.862 1.09455
2.863 1.09537
2.864 1.09612
2.865 1.09681
2.866 1.09745
2.867 1.09802
2.868 1.09852
2.869 1.09896
2.87 1.09934
2.871 1.09965
2.872 1.0999
2.873 1.10007
2.874 1.10018
2.875 1.10021
2.876 1.10018
2.877 1.10007
2.878 1.09989
2.879 1.09963
2.88 1.0993
2.881 1.0989
2.882 1.09842
2.883 1.09786
2.884 1.09723
2.885 1.09652
2.886 1.09572
2.887 1.09485
2.888 1.0939
2.889 1.09287
2.89 1.09175
2.891 1.09056
2.892 1.08928
2.893 1.08792
2.894 1.08647
2.895 1.08494
2.896 1.08333
2.897 1.08163
2.898 1.07984
2.899 1.07797
2.9 1.07602
2.901 1.07397
2.902 1.07184
2.903 1.06963
2.904 1.06732
2.905 1.06493
2.906 1.06245
2.907 1.05988
2.908 1.05723
2.909 1.05448
2.91 1.05165
2.911 1.04873
2.912 1.04572
2.913 1.04263
2.914 1.03944
2.915 1.03617
2.916 1.03281
2.917 1.02936
2.918 1.02582
2.919 1.02219
2.92 1.01848
2.921 1.01468
2.922 1.01079
2.923 1.00682
2.924 1.00276
2.925 0.998613
2.926 0.994381
2.927 0.990063
2.928 0.985659
2.929 0.981171
2.93 0.976599
2.931 0.971943
2.932 0.967204
2.933 0.962383
2.934 0.957479
2.935 0.952493
2.936 0.947427
2.937 0.94228
2.938 0.937054
2.939 0.931749
2.94 0.926366
2.941 0.920905
2.942 0.915367
2.943 0.909754
2.944 0.904065
2.945 0.898302
2.946 0.892466
2.947 0.886557
2.948 0.880577
2.949 0.874526
2.95 0.868405
2.951 0.862215
2.952 0.855958
2.953 0.849634
2.954 0.843244
2.955 0.83679
2.956 0.830272
2.957 0.823691
2.958 0.817049
2.959 0.810347
2.96 0.803586
2.961 0.796767
2.962 0.789892
2.963 0.782961
2.964 0.775975
2.965 0.768937
2.966 0.761847
2.967 0.754707
2.968 0.747518
2.969 0.74028
2.97 0.732997
2.971 0.725668
2.972 0.718295
2.973 0.71088
2.974 0.703425
2.975 0.695929
2.976 0.688395
2.977 0.680825
2.978 0.673219
2.979 0.66558
2.98 0.657908
2.981 0.650205
2.982 0.642473
2.983 0.634713
2.984 0.626926
2.985 0.619115
2.986 0.61128
2.987 0.603423
2.988 0.595546
2.989 0.58765
2.99 0.579737
2.991 0.571808
2.992 0.563865
2.993 0.55591
2.994 0.547943
2.995 0.539967
2.996 0.531983
2.997 0.523993
2.998 0.515998
2.999 0.508
3 0.5
3.001 0.492
3.002 0.484002
3.003 0.476007
3.004 0.468017
3.005 0.460033
3.006 0.452057
3.007 0.44409
3.008 0.436135
3.009 0.428192
3.01 0.420263
3.011 0.41235
3.012 0.404454
3.013 0.396577
3.014 0.38872
3.015 0.380885
3.016 0.373074
3.017 0.365287
3.018 0.357527
3.019 0.349795
3.02 0.342092
3.021 0.33442
3.022 0.326781
3.023 0.319175
3.024 0.311605
3.025 0.304071
3.026 0.296575
3.027 0.28912
3.028 0.281705
3.029 0.274332
3.03 0.267003
3.031 0.25972
3.032 0.252482
3.033 0.245293
3.034 0.238153
3.035 0.231063
3.036 0.224025
3.037 0.217039
3.038 0.210108
3.039 0.203233
3.04 0.196414
3.041 0.189653
3.042 0.182951
3.043 0.176309
3.044 0.169728
3.045 0.16321
3.046 0.156756
3.047 0.150366
3.048 0.144042
3.049 0.137785
3.05 0.131595
3.051 0.125474
3.052 0.119423
3.053 0.113443
3.054 0.107534
3.055 0.101698
3.056 0.0959348
3.057 0.0902462
3.058 0.0846327
3.059 0.0790952
3.06 0.0736344
3.061 0.068251
3.062 0.0629459
3.063 0.0577196
3.064 0.052573
3.065 0.0475067
3.066 0.0425213
3.067 0.0376174
3.068 0.0327957
3.069 0.0280566
3.07 0.0234008
3.071 0.0188286
3.072 0.0143407
3.073 0.00993748
3.074 0.00561934
3.075 0.0013867
3.076 -0.00276007
3.077 -0.00682061
3.078 -0.0107946
3.079 -0.0146817
3.08 -0.0184818
3.081 -0.0221944
3.082 -0.0258195
3.083 -0.0293569
3.084 -0.0328063
3.085 -0.0361677
3.086 -0.0394409
3.087 -0.0426259
3.088 -0.0457227
3.089 -0.0487311
3.09 -0.0516512
3.091 -0.0544831
3.092 -0.0572267
3.093 -0.0598822
3.094 -0.0624497
3.095 -0.0649294
3.096 -0.0673213
3.097 -0.0696257
3.098 -0.0718428
3.099 -0.0739729
3.1 -0.0760162
3.101 -0.077973
3.102 -0.0798436
3.103 -0.0816285
3.104 -0.0833279
3.105 -0.0849423
3.106 -0.0864721
3.107 -0.0879178
3.108 -0.0892798
3.109 -0.0905586
3.11 -0.0917548
3.111 -0.0928689
3.112 -0.0939014
3.113 -0.0948531
3.114 -0.0957244
3.115 -0.0965162
3.116 -0.0972289
3.117 -0.0978633
3.118 -0.0984202
3.119 -0.0989003
3.12 -0.0993042
3.121 -0.0996329
3.122 -0.099887
3.123 -0.100068
3.124 -0.100175
3.125 -0.100211
3.126 -0.100175
3.127 -0.10007
3.128 -0.0998951
3.129 -0.0996519
3.13 -0.0993414
3.131 -0.0989645
3.132 -0.0985222
3.133 -0.0980156
3.134 -0.0974456
3.135 -0.0968133
3.136 -0.0961198
3.137 -0.0953662
3.138 -0.0945534
3.139 -0.0936828
3.14 -0.0927553
3.141 -0.0917721
3.142 -0.0907344
3.143 -0.0896433
3.144 -0.0885
3.145 -0.0873057
3.146 -0.0860616
3.147 -0.0847689
3.148 -0.0834289
3.149 -0.0820427
3.15 -0.0806117
3.151 -0.079137
3.152 -0.0776199
3.153 -0.0760618
3.154 -0.0744638
3.155 -0.0728273
3.156 -0.0711535
3.157 -0.0694439
3.158 -0.0676996
3.159 -0.065922
3.16 -0.0641124
3.161 -0.0622721
3.162 -0.0604025
3.163 -0.0585049
3.164 -0.0565806
3.165 -0.054631
3.166 -0.0526573
3.167 -0.050661
3.168 -0.0486434
3.169 -0.0466058
3.17 -0.0445496
3.171 -0.0424761
3.172 -0.0403866
3.173 -0.0382826
3.174 -0.0361652
3.175 -0.0340359
3.176 -0.0318961
3.177 -0.0297469
3.178 -0.0275899
3.179 -0.0254262
3.18 -0.0232572
3.181 -0.0210842
3.182 -0.0189085
3.183 -0.0167314
3.184 -0.0145543
3.185 -0.0123783
3.186 -0.0102048
3.187 -0.0080351
3.188 -0.00587037
3.189 -0.0037119
3.19 -0.00156092
3.191 0.000581315
3.192 0.0027136
3.193 0.00483471
3.194 0.00694345
3.195 0.00903864
3.196 0.0111191
3.197 0.0131837
3.198 0.0152312
3.199 0.0172605
3.2 0.0192705
3.201 0.0212601
3.202 0.0232282
3.203 0.0251737
3.204 0.0270956
3.205 0.0289928
3.206 0.0308642
3.207 0.0327089
3.208 0.0345259
3.209 0.0363142
3.21 0.0380728
3.211 0.0398007
3.212 0.0414971
3.213 0.0431611
3.214 0.0447918
3.215 0.0463882
3.216 0.0479496
3.217 0.0494751
3.218 0.0509639
3.219 0.0524153
3.22 0.0538285
3.221 0.0552026
3.222 0.0565371
3.223 0.0578312
3.224 0.0590842
3.225 0.0602955
3.226 0.0614645
3.227 0.0625905
3.228 0.0636729
3.229 0.0647112
3.23 0.0657049
3.231 0.0666534
3.232 0.0675562
3.233 0.0684129
3.234 0.0692231
3.235 0.0699862
3.236 0.070702
3.237 0.07137
3.238 0.07199
3.239 0.0725615
3.24 0.0730843
3.241 0.0735581
3.242 0.0739827
3.243 0.0743579
3.244 0.0746834
3.245 0.0749592
3.246 0.075185
3.247 0.0753607
3.248 0.0754863
3.249 0.0755617
3.25 0.0755868
3.251 0.0755617
3.252 0.0754863
3.253 0.0753607
3.254 0.075185
3.255 0.0749592
3.256 0.0746834
3.257 0.0743579
3.258 0.0739827
3.259 0.0735581
3.26 0.0730843
3.261 0.0725615
3.262 0.07199
3.263 0.07137
3.264 0.070702
3.265 0.0699862
3.266 0.0692231
3.267 0.0684129
3.268 0.0675562
3.269 0.0666534
3.27 0.0657049
3.271 0.0647112
3.272 0.0636729
3.273 0.0625905
3.274 0.0614645
3.275 0.0602955
3.276 0.0590842
3.277 0.0578312
3.278 0.0565371
3.279 0.0552026
3.28 0.0538285
3.281 0.0524153
3.282 0.0509639
3.283 0.0494751
3.284 0.0479496
3.285 0.0463882
3.286 0.0447918
3.287 0.0431611
3.288 0.0414971
3.289 0.0398007
3.29 0.0380728
3.291 0.0363142
3.292 0.0345259
3.293 0.0327089
3.294 0.0308642
3.295 0.0289928
3.296 0.0270956
3.297 0.0251737
3.298 0.0232282
3.299 0.0212601
3.3 0.0192705
3.301 0.0172605
3.302 0.0152312
3.303 0.0131837
3.304 0.0111191
3.305 0.00903864
3.306 0.00694345
3.307 0.00483471
3.308 0.0027136
3.309 0.000581315
3.31 -0.00156092
3.311 -0.0037119
3.312 -0.00587037
3.313 -0.0080351
3.314 -0.0102048
3.315 -0.0123783
3.316 -0.0145543
3.317 -0.0167314
3.318 -0.0189085
3.319 -0.0210842
3.32 -0.0232572
3.321 -0.0254262
3.322 -0.0275899
3.323 -0.0297469
3.324 -0.0318961
3.325 -0.0340359
3.326 -0.0361652
3.327 -0.0382826
3.328 -0.0403866
3.329 -0.0424761
3.33 -0.0445496
3.331 -0.0466058
3.332 -0.0486434
3.333 -0.050661
3.334 -0.0526573
3.335 -0.054631
3.336 -0.0565806
3.337 -0.0585049
3.338 -0.0604025
3.339 -0.0622721
3.34 -0.0641124
3.341 -0.065922
3.342 -0.0676996
3.343 -0.0694439
3.344 -0.0711535
3.345 -0.0728273
3.346 -0.0744638
3.347 -0.0760618
3.348 -0.0776199
3.349 -0.079137
3.35 -0.0806117
3.351 -0.0820427
3.352 -0.0834289
3.353 -0.0847689
3.354 -0.0860616
3.355 -0.0873057
3.356 -0.0885
3.357 -0.0896433
3.358 -0.0907344
3.359 -0.0917721
3.36 -0.0927553
3.361 -0.0936828
3.362 -0.0945534
3.363 -0.0953662
3.364 -0.0961198
3.365 -0.0968133
3.366 -0.0974456
3.367 -0.0980156
3.368 -0.0985222
3.369 -0.0989645
3.37 -0.0993414
3.371 -0.0996519
3.372 -0.0998951
3.373 -0.10007
3.374 -0.100175
3.375 -0.100211
3.376 -0.100175
3.377 -0.100068
3.378 -0.099887
3.379 -0.0996329
3.38 -0.0993042
3.381 -0.0989003
3.382 -0.0984202
3.383 -0.0978633
3.384 -0.0972289
3.385 -0.0965162
3.386 -0.0957244
3.387 -0.0948531
3.388 -0.0939014
3.389 -0.0928689
3.39 -0.0917548
3.391 -0.0905586
3.392 -0.0892798
3.393 -0.0879178
3.394 -0.0864721
3.395 -0.0849423
3.396 -0.0833279
3.397 -0.0816285
3.398 -0.0798436
3.399 -0.077973
3.4 -0.0760162
3.401 -0.0739729
3.402 -0.0718428
3.403 -0.0696257
3.404 -0.0673213
3.405 -0.0649294
3.406 -0.0624497
3.407 -0.0598822
3.408 -0.0572267
3.409 -0.0544831
3.41 -0.0516512
3.411 -0.0487311
3.412 -0.0457227
3.413 -0.0426259
3.414 -0.0394409
3.415 -0.0361677
3.416 -0.0328063
3.417 -0.0293569
3.418 -0.0258195
3.419 -0.0221944
3.42 -0.0184818
3.421 -0.0146817
3.422 -0.0107946
3.423 -0.00682061
3.424 -0.00276007
3.425 0.0013867
3.426 0.00561934
3.427 0.00993748
3.428 0.0143407
3.429 0.0188286
3.43 0.0234008
3.431 0.0280566
3.432 0.0327957
3.433 0.0376174
3.434 0.0425213
3.435 0.0475067
3.436 0.052573
3.437 0.0577196
3.438 0.0629459
3.439 0.068251
3.44 0.0736344
3.441 0.0790952
3.442 0.0846327
3.443 0.0902462
3.444 0.0959348
3.445 0.101698
3.446 0.107534
3.447 0.113443
3.448 0.119423
3.449 0.125474
3.45 0.131595
3.451 0.137785
3.452 0.144042
3.453 0.150366
3.454 0.156756
3.455 0.16321
3.456 0.169728
3.457 0.176309
3.458 0.182951
3.459 0.189653
3.46 0.196414
3.461 0.203233
3.462 0.210108
3.463 0.217039
3.464 0.224025
3.465 0.231063
3.466 0.238153
3.467 0.245293
3.468 0.252482
3.469 0.25972
3.47 0.267003
3.471 0.274332
3.472 0.281705
3.473 0.28912
3.474 0.296575
3.475 0.304071
3.476 0.311605
3.477 0.319175
3.478 0.326781
3.479 0.33442
3.48 0.342092
3.481 0.349795
3.482 0.357527
3.483 0.365287
3.484 0.373074
3.485 0.380885
3.486 0.38872
3.487 0.396577
3.488 0.404454
3.489 0.41235
3.49 0.420263
3.491 0.428192
3.492 0.436135
3.493 0.44409
3.494 0.452057
3.495 0.460033
3.496 0.468017
3.497 0.476007
3.498 0.484002
3.499 0.492
3.5 0.5
3.501 0.508
3.502 0.515998
3.503 0.523993
3.504 0.531983
3.505 0.539967
3.506 0.547943
3.507 0.55591
3.508 0.563865
3.509 0.571808
3.51 0.579737
3.511 0.58765
3.512 0.595546
3.513 0.603423
3.514 0.61128
3.515 0.619115
3.516 0.626926
3.517 0.634713
3.518 0.642473
3.519 0.650205
3.52 0.657908
3.521 0.66558
3.522 0.673219
3.523 0.680825
3.524 0.688395
3.525 0.695929
3.526 0.703425
3.527 0.71088
3.528 0.718295
3.529 0.725668
3.53 0.732997
3.531 0.74028
3.532 0.747518
3.533 0.754707
3.534 0.761847
3.535 0.768937
3.536 0.775975
3.537 0.782961
3.538 0.789892
3.539 0.796767
3.54 0.803586
3.541 0.810347
3.542 0.817049
3.543 0.823691
3.544 0.830272
3.545 0.83679
3.546 0.843244
3.547 0.849634
3.548 0.855958
3.549 0.862215
3.55 0.868405
3.551 0.874526
3.552 0.880577
3.553 0.886557
3.554 0.892466
3.555 0.898302
3.556 0.904065
3.557 0.909754
3.558 0.915367
3.559 0.920905
3.56 0.926366
3.561 0.931749
3.562 0.937054
3.563 0.94228
3.564 0.947427
3.565 0.952493
3.566 0.957479
3.567 0.962383
3.568 0.967204
3.569 0.971943
3.57 0.976599
3.571 0.981171
3.572 0.985659
3.573 0.990063
3.574 0.994381
3.575 0.998613
3.576 1.00276
3.577 1.00682
3.578 1.01079
3.579 1.01468
3.58 1.01848
3.581 1.02219
3.582 1.02582
3.583 1.02936
3.584 1.03281
3.585 1.03617
3.586 1.03944
3.587 1.04263
3.588 1.04572
3.589 1.04873
3.59 1.05165
3.591 1.05448
3.592 1.05723
3.593 1.05988
3.594 1.06245
3.595 1.06493
3.596 1.06732
3.597 1.06963
3.598 1.07184
3.599 1.07397
3.6 1.07602
3.601 1.07797
3.602 1.07984
3.603 1.08163
3.604 1.08333
3.605 1.08494
3.606 1.08647
3.607 1.08792
3.608 1.08928
3.609 1.09056
3.61 1.09175
3.611 1.09287
3.612 1.0939
3.613 1.09485
3.614 1.09572
3.615 1.09652
3.616 1.09723
3.617 1.09786
3.618 1.09842
3.619 1.0989
3.62 1.0993
3.621 1.09963
3.622 1.09989
3.623 1.10007
3.624 1.10018
3.625 1.10021
3.626 1.10018
3.627 1.10007
3.628 1.0999
3.629 1.09965
3.63 1.09934
3.631 1.09896
3.632 1.09852
3.633 1.09802
3.634 1.09745
3.635 1.09681
3.636 1.09612
3.637 1.09537
3.638 1.09455
3.639 1.09368
3.64 1.09276
3.641 1.09177
3.642 1.09073
3.643 1.08964
3.644 1.0885
3.645 1.08731
3.646 1.08606
3.647 1.08477
3.648 1.08343
3.649 1.08204
3.65 1.08061
3.651 1.07914
3.652 1.07762
3.653 1.07606
3.654 1.07446
3.655 1.07283
3.656 1.07115
3.657 1.06944
3.658 1.0677
3.659 1.06592
3.66 1.06411
3.661 1.06227
3.662 1.0604
3.663 1.0585
3.664 1.05658
3.665 1.05463
3.666 1.05266
3.667 1.05066
3.668 1.04864
3.669 1.04661
3.67 1.04455
3.671 1.04248
3.672 1.04039
3.673 1.03828
3.674 1.03617
3.675 1.03404
3.676 1.0319
3.677 1.02975
3.678 1.02759
3.679 1.02543
3.68 1.02326
3.681 1.02108
3.682 1.01891
3.683 1.01673
3.684 1.01455
3.685 1.01238
3.686 1.0102
3.687 1.00804
3.688 1.00587
3.689 1.00371
3.69 1.00156
3.691 0.999419
3.692 0.997286
3.693 0.995165
3.694 0.993057
3.695 0.990961
3.696 0.988881
3.697 0.986816
3.698 0.984769
3.699 0.98274
3.7 0.980729
3.701 0.97874
3.702 0.976772
3.703 0.974826
3.704 0.972904
3.705 0.971007
3.706 0.969136
3.707 0.967291
3.708 0.965474
3.709 0.963686
3.71 0.961927
3.711 0.960199
3.712 0.958503
3.713 0.956839
3.714 0.955208
3.715 0.953612
3.716 0.95205
3.717 0.950525
3.718 0.949036
3.719 0.947585
3.72 0.946172
3.721 0.944797
3.722 0.943463
3.723 0.942169
3.724 0.940916
3.725 0.939704
3.726 0.938536
3.727 0.93741
3.728 0.936327
3.729 0.935289
3.73 0.934295
3.731 0.933347
3.732 0.932444
3.733 0.931587
3.734 0.930777
3.735 0.930014
3.736 0.929298
3.737 0.92863
3.738 0.92801
3.739 0.927439
3.74 0.926916
3.741 0.926442
3.742 0.926017
3.743 0.925642
3.744 0.925317
3.745 0.925041
3.746 0.924815
3.747 0.924639
3.748 0.924514
3.749 0.924438
3.75 0.924413
3.751 0.924438
3.752 0.924514
3.753 0.924639
3.754 0.924815
3.755 0.925041
3.756 0.925317
3.757 0.925642
3.758 0.926017
3.759 0.926442
3.76 0.926916
3.761 0.927439
3.762 0.92801
3.763 0.92863
3.764 0.929298
3.765 0.930014
3.766 0.930777
3.767 0.931587
3.768 0.932444
3.769 0.933347
3.77 0.934295
3.771 0.935289
3.772 0.936327
3.773 0.93741
3.774 0.938536
3.775 0.939704
3.776 0.940916
3.777 0.942169
3.778 0.943463
3.779 0.944797
3.78 0.946172
3.781 0.947585
3.782 0.949036
3.783 0.950525
3.784 0.95205
3.785 0.953612
3.786 0.955208
3.787 0.956839
3.788 0.958503
3.789 0.960199
3.79 0.961927
3.791 0.963686
3.792 0.965474
3.793 0.967291
3.794 0.969136
3.795 0.971007
3.796 0.972904
3.797 0.974826
3.798 0.976772
3.799 0.97874
3.8 0.980729
3.801 0.98274
3.802 0.984769
3.803 0.986816
3.804 0.988881
3.805 0.990961
3.806 0.993057
3.807 0.995165
3.808 0.997286
3.809 0.999419
3.81 1.00156
3.811 1.00371
3.812 1.00587
3.813 1.00804
3.814 1.0102
3.815 1.01238
3.816 1.01455
3.817 1.01673
3.818 1.01891
3.819 1.02108
3.82 1.02326
3.821 1.02543
3.822 1.02759
3.823 1.02975
3.824 1.0319
3.825 1.03404
3.826 1.03617
3.827 1.03828
3.828 1.04039
3.829 1.04248
3.83 1.04455
3.831 1.04661
3.832 1.04864
3.833 1.05066
3.834 1.05266
3.835 1.05463
3.836 1.05658
3.837 1.0585
3.838 1.0604
3.839 1.06227
3.84 1.06411
3.841 1.06592
3.842 1.0677
3.843 1.06944
3.844 1.07115
3.845 1.07283
3.846 1.07446
3.847 1.07606
3.848 1.07762
3.849 1.07914
3.85 1.08061
3.851 1.08204
3.852 1.08343
3.853 1.08477
3.854 1.08606
3.855 1.08731
3.856 1.0885
3.857 1.08964
3.858 1.09073
3.859 1.09177
3.86 1.09276
3.861 1.09368
3.862 1.09455
3.863 1.09537
3.864 1.09612
3.865 1.09681
3.866 1.09745
3.867 1.09802
3.868 1.09852
3.869 1.09896
3.87 1.09934
3.871 1.09965
3.872 1.0999
3.873 1.10007
3.874 1.10018
3.875 1.10021
3.876 1.10018
3.877 1.10007
3.878 1.09989
3.879 1.09963
3.88 1.0993
3.881 1.0989
3.882 1.09842
3.883 1.09786
3.884 1.09723
3.885 1.09652
3.886 1.09572
3.887 1.09485
3.888 1.0939
3.889 1.09287
3.89 1.09175
3.891 1.09056
3.892 1.08928
3.893 1.08792
3.894 1.08647
3.895 1.08494
3.896 1.08333
3.897 1.08163
3.898 1.07984
3.899 1.07797
3.9 1.07602
3.901 1.07397
3.902 1.07184
3.903 1.06963
3.904 1.06732
3.905 1.06493
3.906 1.06245
3.907 1.05988
3.908 1.05723
3.909 1.05448
3.91 1.05165
3.911 1.04873
3.912 1.04572
3.913 1.04263
3.914 1.03944
3.915 1.03617
3.916 1.03281
3.917 1.02936
3.918 1.02582
3.919 1.02219
3.92 1.01848
3.921 1.01468
3.922 1.01079
3.923 1.00682
3.924 1.00276
3.925 0.998613
3.926 0.994381
3.927 0.990063
3.928 0.985659
3.929 0.981171
3.93 0.976599
3.931 0.971943
3.932 0.967204
3.933 0.962383
3.934 0.957479
3.935 0.952493
3.936 0.947427
3.937 0.94228
3.938 0.937054
3.939 0.931749
3.94 0.926366
3.941 0.920905
3.942 0.915367
3.943 0.909754
3.944 0.904065
3.945 0.898302
3.946 0.892466
3.947 0.886557
3.948 0.880577
3.949 0.874526
3.95 0.868405
3.951 0.862215
3.952 0.855958
3.953 0.849634
3.954 0.843244
3.955 0.83679
3.956 0.830272
3.957 0.823691
3.958 0.817049
3.959 0.810347
3.96 0.803586
3.961 0.796767
3.962 0.789892
3.963 0.782961
3.964 0.775975
3.965 0.768937
3.966 0.761847
3.967 0.754707
3.968 0.747518
3.969 0.74028
3.97 0.732997
3.971 0.725668
3.972 0.718295
3.973 0.71088
3.974 0.703425
3.975 0.695929
3.976 0.688395
3.977 0.680825
3.978 0.673219
3.979 0.66558
3.98 0.657908
3.981 0.650205
3.982 0.642473
3.983 0.634713
3.984 0.626926
3.985 0.619115
3.986 0.61128
3.987 0.603423
3.988 0.595546
3.989 0.58765
3.99 0.579737
3.991 0.571808
3.992 0.563865
3.993 0.55591
3.994 0.547943
3.995 0.539967
3.996 0.531983
3.997 0.523993
3.998 0.515998
3.999 0.508
4 0.5
