0 0.5
0.001 0.436143
0.002 0.373143
0.003 0.311835
0.004 0.253014
0.005 0.197416
0.006 0.145698
0.007 0.0984292
0.008 0.0560705
0.009 0.0189714
0.01 -0.0126391
0.011 -0.0386548
0.012 -0.0590919
0.013 -0.0740855
0.014 -0.0838821
0.015 -0.0888305
0.016 -0.0893689
0.017 -0.0860103
0.018 -0.0793265
0.019 -0.0699307
0.02 -0.058459
0.021 -0.0455526
0.022 -0.03184
0.023 -0.0179203
0.024 -0.00434761
0.025 0.00838175
0.026 0.0198409
0.027 0.0296809
0.028 0.0376366
0.029 0.0435299
0.03 0.0472698
0.031 0.0488504
0.032 0.0483455
0.033 0.0459015
0.034 0.0417283
0.035 0.0360878
0.036 0.0292822
0.037 0.0216409
0.038 0.0135073
0.039 0.00522558
0.04 -0.00287182
0.041 -0.0104757
0.042 -0.0173105
0.043 -0.0231429
0.044 -0.0277882
0.045 -0.0311157
0.046 -0.0330507
0.047 -0.0335754
0.048 -0.0327266
0.049 -0.0305929
0.05 -0.0273088
0.051 -0.0230481
0.052 -0.0180158
0.053 -0.0124391
0.054 -0.006558
0.055 -0.000615879
0.056 0.00515012
0.057 0.0105178
0.058 0.015288
0.059 0.0192914
0.06 0.0223941
0.061 0.0245015
0.062 0.0255609
0.063 0.0255622
0.064 0.024537
0.065 0.0225561
0.066 0.0197257
0.067 0.0161822
0.068 0.0120861
0.069 0.00761528
0.07 0.00295733
0.071 -0.00169776
0.072 -0.00616513
0.073 -0.0102721
0.074 -0.0138646
0.075 -0.0168126
0.076 -0.0190148
0.077 -0.0204015
0.078 -0.0209372
0.079 -0.0206203
0.08 -0.0194833
0.081 -0.0175901
0.082 -0.0150329
0.083 -0.0119283
0.084 -0.00841174
0.085 -0.00463215
0.086 -0.000745624
0.087 0.00309081
0.088 0.00672534
0.089 0.0100173
0.09 0.0128422
0.091 0.0150969
0.092 0.0167025
0.093 0.0176075
0.094 0.017789
0.095 0.0172535
0.096 0.0160354
0.097 0.0141957
0.098 0.0118191
0.099 0.00900977
0.1 0.00588747
0.101 0.00258216
0.102 -0.000771113
0.103 -0.00403772
0.104 -0.00708869
0.105 -0.00980576
0.106 -0.0120858
0.107 -0.0138449
0.108 -0.0150208
0.109 -0.0155758
0.11 -0.0154972
0.111 -0.0147978
0.112 -0.0135147
0.113 -0.0117079
0.114 -0.00945731
0.115 -0.00685916
0.116 -0.00402228
0.117 -0.00106341
0.118 0.00189748
0.119 0.00474201
0.12 0.00735802
0.121 0.00964398
0.122 0.0115128
0.123 0.0128953
0.124 0.0137424
0.125 0.014027
0.126 0.0137448
0.127 0.0129141
0.128 0.0115749
0.129 0.0097869
0.13 0.00762704
0.131 0.00518613
0.132 0.0025651
0.133 -0.000129066
0.134 -0.00278771
0.135 -0.00530483
0.136 -0.00758122
0.137 -0.0095284
0.138 -0.011072
0.139 -0.0121544
0.14 -0.0127373
0.141 -0.0128025
0.142 -0.0123527
0.143 -0.0114111
0.144 -0.0100203
0.145 -0.00824062
0.146 -0.006147
0.147 -0.00382636
0.148 -0.00137384
0.149 0.00111108
0.15 0.00352853
0.151 0.00578227
0.152 0.00778347
0.153 0.00945419
0.154 0.0107304
0.155 0.0115643
0.156 0.0119264
0.157 0.011806
0.158 0.0112121
0.159 0.0101723
0.16 0.00873194
0.161 0.00695195
0.162 0.00490639
0.163 0.00267933
0.164 0.000361478
0.165 -0.00195355
0.166 -0.00417293
0.167 -0.00620837
0.168 -0.00797956
0.169 -0.00941736
0.17 -0.0104664
0.171 -0.0110874
0.172 -0.0112583
0.173 -0.0109752
0.174 -0.0102527
0.175 -0.0091224
0.176 -0.00763241
0.177 -0.00584477
0.178 -0.00383307
0.179 -0.00167939
0.18 0.000528961
0.181 0.00270305
0.182 0.00475581
0.183 0.00660556
0.184 0.0081792
0.185 0.0094151
0.186 0.0102655
0.187 0.0106983
0.188 0.0106984
0.189 0.010268
0.19 0.00942661
0.191 0.00821001
0.192 0.00666893
0.193 0.00486682
0.194 0.00287728
0.195 0.000781073
0.196 -0.00133713
0.197 -0.00339216
0.198 -0.00530176
0.199 -0.00698985
0.2 -0.00838955
0.201 -0.00944584
0.202 -0.0101177
0.203 -0.0103796
0.204 -0.0102226
0.205 -0.00965458
0.206 -0.00869995
0.207 -0.00739841
0.208 -0.00580349
0.209 -0.00398027
0.21 -0.00200278
0.211 4.89988e-005
0.212 0.00209238
0.213 0.00404527
0.214 0.00582945
0.215 0.0073737
0.216 0.00861664
0.217 0.00950914
0.218 0.0100163
0.219 0.0101186
0.22 0.00981313
0.221 0.00911304
0.222 0.00804746
0.223 0.00666003
0.224 0.00500726
0.225 0.00315616
0.226 0.00118157
0.227 -0.000836871
0.228 -0.00281791
0.229 -0.00468195
0.23 -0.00635421
0.231 -0.00776776
0.232 -0.00886615
0.233 -0.00960565
0.234 -0.00995701
0.235 -0.00990662
0.236 -0.00945698
0.237 -0.00862666
0.238 -0.00744945
0.239 -0.00597306
0.24 -0.00425717
0.241 -0.002371
0.242 -0.00039059
0.243 0.00160432
0.244 0.00353345
0.245 0.00531919
0.246 0.00688976
0.247 0.00818201
0.248 0.00914402
0.249 0.00973713
0.25 0.00993752
0.251 0.00973713
0.252 0.00914402
0.253 0.00818201
0.254 0.00688976
0.255 0.00531919
0.256 0.00353345
0.257 0.00160432
0.258 -0.00039059
0.259 -0.002371
0.26 -0.00425717
0.261 -0.00597306
0.262 -0.00744945
0.263 -0.00862666
0.264 -0.00945698
0.265 -0.00990662
0.266 -0.00995701
0.267 -0.00960565
0.268 -0.00886615
0.269 -0.00776776
0.27 -0.00635421
0.271 -0.00468195
0.272 -0.00281791
0.273 -0.000836871
0.274 0.00118157
0.275 0.00315616
0.276 0.00500726
0.277 0.00666003
0.278 0.00804746
0.279 0.00911304
0.28 0.00981313
0.281 0.0101186
0.282 0.0100163
0.283 0.00950914
0.284 0.00861664
0.285 0.0073737
0.286 0.00582945
0.287 0.00404527
0.288 0.00209238
0.289 4.89988e-005
0.29 -0.00200278
0.291 -0.00398027
0.292 -0.00580349
0.293 -0.00739841
0.294 -0.00869995
0.295 -0.00965458
0.296 -0.0102226
0.297 -0.0103796
0.298 -0.0101177
0.299 -0.00944584
0.3 -0.00838955
0.301 -0.00698985
0.302 -0.00530176
0.303 -0.00339216
0.304 -0.00133713
0.305 0.000781073
0.306 0.00287728
0.307 0.00486682
0.308 0.00666893
0.309 0.00821001
0.31 0.00942661
0.311 0.010268
0.312 0.0106984
0.313 0.0106983
0.314 0.0102655
0.315 0.0094151
0.316 0.0081792
0.317 0.00660556
0.318 0.00475581
0.319 0.00270305
0.32 0.000528961
0.321 -0.00167939
0.322 -0.00383307
0.323 -0.00584477
0.324 -0.00763241
0.325 -0.0091224
0.326 -0.0102527
0.327 -0.0109752
0.328 -0.0112583
0.329 -0.0110874
0.33 -0.0104664
0.331 -0.00941736
0.332 -0.00797956
0.333 -0.00620837
0.334 -0.00417293
0.335 -0.00195355
0.336 0.000361478
0.337 0.00267933
0.338 0.00490639
0.339 0.00695195
0.34 0.00873194
0.341 0.0101723
0.342 0.0112121
0.343 0.011806
0.344 0.0119264
0.345 0.0115643
0.346 0.0107304
0.347 0.00945419
0.348 0.00778347
0.349 0.00578227
0.35 0.00352853
0.351 0.00111108
0.352 -0.00137384
0.353 -0.00382636
0.354 -0.006147
0.355 -0.00824062
0.356 -0.0100203
0.357 -0.0114111
0.358 -0.0123527
0.359 -0.0128025
0.36 -0.0127373
0.361 -0.0121544
0.362 -0.011072
0.363 -0.0095284
0.364 -0.00758122
0.365 -0.00530483
0.366 -0.00278771
0.367 -0.000129066
0.368 0.0025651
0.369 0.00518613
0.37 0.00762704
0.371 0.0097869
0.372 0.0115749
0.373 0.0129141
0.374 0.0137448
0.375 0.014027
0.376 0.0137424
0.377 0.0128953
0.378 0.0115128
0.379 0.00964398
0.38 0.00735802
0.381 0.00474201
0.382 0.00189748
0.383 -0.00106341
0.384 -0.00402228
0.385 -0.00685916
0.386 -0.00945731
0.387 -0.0117079
0.388 -0.0135147
0.389 -0.0147978
0.39 -0.0154972
0.391 -0.0155758
0.392 -0.0150208
0.393 -0.0138449
0.394 -0.0120858
0.395 -0.00980576
0.396 -0.00708869
0.397 -0.00403772
0.398 -0.000771113
0.399 0.00258216
0.4 0.00588747
0.401 0.00900977
0.402 0.0118191
0.403 0.0141957
0.404 0.0160354
0.405 0.0172535
0.406 0.017789
0.407 0.0176075
0.408 0.0167025
0.409 0.0150969
0.41 0.0128422
0.411 0.0100173
0.412 0.00672534
0.413 0.00309081
0.414 -0.000745624
0.415 -0.00463215
0.416 -0.00841174
0.417 -0.0119283
0.418 -0.0150329
0.419 -0.0175901
0.42 -0.0194833
0.421 -0.0206203
0.422 -0.0209372
0.423 -0.0204015
0.424 -0.0190148
0.425 -0.0168126
0.426 -0.0138646
0.427 -0.0102721
0.428 -0.00616513
0.429 -0.00169776
0.43 0.00295733
0.431 0.00761528
0.432 0.0120861
0.433 0.0161822
0.434 0.0197257
0.435 0.0225561
0.436 0.024537
0.437 0.0255622
0.438 0.0255609
0.439 0.0245015
0.44 0.0223941
0.441 0.0192914
0.442 0.015288
0.443 0.0105178
0.444 0.00515012
0.445 -0.000615879
0.446 -0.006558
0.447 -0.0124391
0.448 -0.0180158
0.449 -0.0230481
0.45 -0.0273088
0.451 -0.0305929
0.452 -0.0327266
0.453 -0.0335754
0.454 -0.0330507
0.455 -0.0311157
0.456 -0.0277882
0.457 -0.0231429
0.458 -0.0173105
0.459 -0.0104757
0.46 -0.00287182
0.461 0.00522558
0.462 0.0135073
0.463 0.0216409
0.464 0.0292822
0.465 0.0360878
0.466 0.0417283
0.467 0.0459015
0.468 0.0483455
0.469 0.0488504
0.47 0.0472698
0.471 0.0435299
0.472 0.0376366
0.473 0.0296809
0.474 0.0198409
0.475 0.00838175
0.476 -0.00434761
0.477 -0.0179203
0.478 -0.03184
0.479 -0.0455526
0.48 -0.058459
0.481 -0.0699307
0.482 -0.0793265
0.483 -0.0860103
0.484 -0.0893689
0.485 -0.0888305
0.486 -0.0838821
0.487 -0.0740855
0.488 -0.0590919
0.489 -0.0386548
0.49 -0.0126391
0.491 0.0189714
0.492 0.0560705
0.493 0.0984292
0.494 0.145698
0.495 0.197416
0.496 0.253014
0.497 0.311835
0.498 0.373143
0.499 0.436143
0.5 0.5
0.501 0.563857
0.502 0.626857
0.503 0.688165
0.504 0.746986
0.505 0.802584
0.506 0.854302
0.507 0.901571
0.508 0.943929
0.509 0.981029
0.51 1.01264
0.511 1.03865
0.512 1.05909
0.513 1.07409
0.514 1.08388
0.515 1.08883
0.516 1.08937
0.517 1.08601
0.518 1.07933
0.519 1.06993
0.52 1.05846
0.521 1.04555
0.522 1.03184
0.523 1.01792
0.524 1.00435
0.525 0.991618
0.526 0.980159
0.527 0.970319
0.528 0.962363
0.529 0.95647
0.53 0.95273
0.531 0.95115
0.532 0.951655
0.533 0.954098
0.534 0.958272
0.535 0.963912
0.536 0.970718
0.537 0.978359
0.538 0.986493
0.539 0.994774
0.54 1.00287
0.541 1.01048
0.542 1.01731
0.543 1.02314
0.544 1.02779
0.545 1.03112
0.546 1.03305
0.547 1.03358
0.548 1.03273
0.549 1.03059
0.55 1.02731
0.551 1.02305
0.552 1.01802
0.553 1.01244
0.554 1.00656
0.555 1.00062
0.556 0.99485
0.557 0.989482
0.558 0.984712
0.559 0.980709
0.56 0.977606
0.561 0.975499
0.562 0.974439
0.563 0.974438
0.564 0.975463
0.565 0.977444
0.566 0.980274
0.567 0.983818
0.568 0.987914
0.569 0.992385
0.57 0.997043
0.571 1.0017
0.572 1.00617
0.573 1.01027
0.574 1.01386
0.575 1.01681
0.576 1.01901
0.577 1.0204
0.578 1.02094
0.579 1.02062
0.58 1.01948
0.581 1.01759
0.582 1.01503
0.583 1.01193
0.584 1.00841
0.585 1.00463
0.586 1.00075
0.587 0.996909
0.588 0.993275
0.589 0.989983
0.59 0.987158
0.591 0.984903
0.592 0.983298
0.593 0.982393
0.594 0.982211
0.595 0.982747
0.596 0.983965
0.597 0.985804
0.598 0.988181
0.599 0.99099
0.6 0.994113
0.601 0.997418
0.602 1.00077
0.603 1.00404
0.604 1.00709
0.605 1.00981
0.606 1.01209
0.607 1.01384
0.608 1.01502
0.609 1.01558
0.61 1.0155
0.611 1.0148
0.612 1.01351
0.613 1.01171
0.614 1.00946
0.615 1.00686
0.616 1.00402
0.617 1.00106
0.618 0.998103
0.619 0.995258
0.62 0.992642
0.621 0.990356
0.622 0.988487
0.623 0.987105
0.624 0.986258
0.625 0.985973
0.626 0.986255
0.627 0.987086
0.628 0.988425
0.629 0.990213
0.63 0.992373
0.631 0.994814
0.632 0.997435
0.633 1.00013
0.634 1.00279
0.635 1.0053
0.636 1.00758
0.637 1.00953
0.638 1.01107
0.639 1.01215
0.64 1.01274
0.641 1.0128
0.642 1.01235
0.643 1.01141
0.644 1.01002
0.645 1.00824
0.646 1.00615
0.647 1.00383
0.648 1.00137
0.649 0.998889
0.65 0.996471
0.651 0.994218
0.652 0.992217
0.653 0.990546
0.654 0.98927
0.655 0.988436
0.656 0.988074
0.657 0.988194
0.658 0.988788
0.659 0.989828
0.66 0.991268
0.661 0.993048
0.662 0.995094
0.663 0.997321
0.664 0.999639
0.665 1.00195
0.666 1.00417
0.667 1.00621
0.668 1.00798
0.669 1.00942
0.67 1.01047
0.671 1.01109
0.672 1.01126
0.673 1.01098
0.674 1.01025
0.675 1.00912
0.676 1.00763
0.677 1.00584
0.678 1.00383
0.679 1.00168
0.68 0.999471
0.681 0.997297
0.682 0.995244
0.683 0.993394
0.684 0.991821
0.685 0.990585
0.686 0.989735
0.687 0.989302
0.688 0.989302
0.689 0.989732
0.69 0.990573
0.691 0.99179
0.692 0.993331
0.693 0.995133
0.694 0.997123
0.695 0.999219
0.696 1.00134
0.697 1.00339
0.698 1.0053
0.699 1.00699
0.7 1.00839
0.701 1.00945
0.702 1.01012
0.703 1.01038
0.704 1.01022
0.705 1.00965
0.706 1.0087
0.707 1.0074
0.708 1.0058
0.709 1.00398
0.71 1.002
0.711 0.999951
0.712 0.997908
0.713 0.995955
0.714 0.994171
0.715 0.992626
0.716 0.991383
0.717 0.990491
0.718 0.989984
0.719 0.989881
0.72 0.990187
0.721 0.990887
0.722 0.991953
0.723 0.99334
0.724 0.994993
0.725 0.996844
0.726 0.998818
0.727 1.00084
0.728 1.00282
0.729 1.00468
0.73 1.00635
0.731 1.00777
0.732 1.00887
0.733 1.00961
0.734 1.00996
0.735 1.00991
0.736 1.00946
0.737 1.00863
0.738 1.00745
0.739 1.00597
0.74 1.00426
0.741 1.00237
0.742 1.00039
0.743 0.998396
0.744 0.996467
0.745 0.994681
0.746 0.99311
0.747 0.991818
0.748 0.990856
0.749 0.990263
0.75 0.990062
0.751 0.990263
0.752 0.990856
0.753 0.991818
0.754 0.99311
0.755 0.994681
0.756 0.996467
0.757 0.998396
0.758 1.00039
0.759 1.00237
0.76 1.00426
0.761 1.00597
0.762 1.00745
0.763 1.00863
0.764 1.00946
0.765 1.00991
0.766 1.00996
0.767 1.00961
0.768 1.00887
0.769 1.00777
0.77 1.00635
0.771 1.00468
0.772 1.00282
0.773 1.00084
0.774 0.998818
0.775 0.996844
0.776 0.994993
0.777 0.99334
0.778 0.991953
0.779 0.990887
0.78 0.990187
0.781 0.989881
0.782 0.989984
0.783 0.990491
0.784 0.991383
0.785 0.992626
0.786 0.994171
0.787 0.995955
0.788 0.997908
0.789 0.999951
0.79 1.002
0.791 1.00398
0.792 1.0058
0.793 1.0074
0.794 1.0087
0.795 1.00965
0.796 1.01022
0.797 1.01038
0.798 1.01012
0.799 1.00945
0.8 1.00839
0.801 1.00699
0.802 1.0053
0.803 1.00339
0.804 1.00134
0.805 0.999219
0.806 0.997123
0.807 0.995133
0.808 0.993331
0.809 0.99179
0.81 0.990573
0.811 0.989732
0.812 0.989302
0.813 0.989302
0.814 0.989735
0.815 0.990585
0.816 0.991821
0.817 0.993394
0.818 0.995244
0.819 0.997297
0.82 0.999471
0.821 1.00168
0.822 1.00383
0.823 1.00584
0.824 1.00763
0.825 1.00912
0.826 1.01025
0.827 1.01098
0.828 1.01126
0.829 1.01109
0.83 1.01047
0.831 1.00942
0.832 1.00798
0.833 1.00621
0.834 1.00417
0.835 1.00195
0.836 0.999639
0.837 0.997321
0.838 0.995094
0.839 0.993048
0.84 0.991268
0.841 0.989828
0.842 0.988788
0.843 0.988194
0.844 0.988074
0.845 0.988436
0.846 0.98927
0.847 0.990546
0.848 0.992217
0.849 0.994218
0.85 0.996471
0.851 0.998889
0.852 1.00137
0.853 1.00383
0.854 1.00615
0.855 1.00824
0.856 1.01002
0.857 1.01141
0.858 1.01235
0.859 1.0128
0.86 1.01274
0.861 1.01215
0.862 1.01107
0.863 1.00953
0.864 1.00758
0.865 1.0053
0.866 1.00279
0.867 1.00013
0.868 0.997435
0.869 0.994814
0.87 0.992373
0.871 0.990213
0.872 0.988425
0.873 0.987086
0.874 0.986255
0.875 0.985973
0.876 0.986258
0.877 0.987105
0.878 0.988487
0.879 0.990356
0.88 0.992642
0.881 0.995258
0.882 0.998103
0.883 1.00106
0.884 1.00402
0.885 1.00686
0.886 1.00946
0.887 1.01171
0.888 1.01351
0.889 1.0148
0.89 1.0155
0.891 1.01558
0.892 1.01502
0.893 1.01384
0.894 1.01209
0.895 1.00981
0.896 1.00709
0.897 1.00404
0.898 1.00077
0.899 0.997418
0.9 0.994113
0.901 0.99099
0.902 0.988181
0.903 0.985804
0.904 0.983965
0.905 0.982747
0.906 0.982211
0.907 0.982393
0.908 0.983298
0.909 0.984903
0.91 0.987158
0.911 0.989983
0.912 0.993275
0.913 0.996909
0.914 1.00075
0.915 1.00463
0.916 1.00841
0.917 1.01193
0.918 1.01503
0.919 1.01759
0.92 1.01948
0.921 1.02062
0.922 1.02094
0.923 1.0204
0.924 1.01901
0.925 1.01681
0.926 1.01386
0.927 1.01027
0.928 1.00617
0.929 1.0017
0.93 0.997043
0.931 0.992385
0.932 0.987914
0.933 0.983818
0.934 0.980274
0.935 0.977444
0.936 0.975463
0.937 0.974438
0.938 0.974439
0.939 0.975499
0.94 0.977606
0.941 0.980709
0.942 0.984712
0.943 0.989482
0.944 0.99485
0.945 1.00062
0.946 1.00656
0.947 1.01244
0.948 1.01802
0.949 1.02305
0.95 1.02731
0.951 1.03059
0.952 1.03273
0.953 1.03358
0.954 1.03305
0.955 1.03112
0.956 1.02779
0.957 1.02314
0.958 1.01731
0.959 1.01048
0.96 1.00287
0.961 0.994774
0.962 0.986493
0.963 0.978359
0.964 0.970718
0.965 0.963912
0.966 0.958272
0.967 0.954098
0.968 0.951655
0.969 0.95115
0.97 0.95273
0.971 0.95647
0.972 0.962363
0.973 0.970319
0.974 0.980159
0.975 0.991618
0.976 1.00435
0.977 1.01792
0.978 1.03184
0.979 1.04555
0.98 1.05846
0.981 1.06993
0.982 1.07933
0.983 1.08601
0.984 1.08937
0.985 1.08883
0.986 1.08388
0.987 1.07409
0.988 1.05909
0.989 1.03865
0.99 1.01264
0.991 0.981029
0.992 0.943929
0.993 0.901571
0.994 0.854302
0.995 0.802584
0.996 0.746986
0.997 0.688165
0.998 0.626857
0.999 0.563857
1 0.5
1.001 0.436143
1.002 0.373143
1.003 0.311835
1.004 0.253014
1.005 0.197416
1.006 0.145698
1.007 0.0984292
1.008 0.0560705
1.009 0.0189714
1.01 -0.0126391
1.011 -0.0386548
1.012 -0.0590919
1.013 -0.0740855
1.014 -0.0838821
1.015 -0.0888305
1.016 -0.0893689
1.017 -0.0860103
1.018 -0.0793265
1.019 -0.0699307
1.02 -0.058459
1.021 -0.0455526
1.022 -0.03184
1.023 -0.0179203
1.024 -0.00434761
1.025 0.00838175
1.026 0.0198409
1.027 0.0296809
1.028 0.0376366
1.029 0.0435299
1.03 0.0472698
1.031 0.0488504
1.032 0.0483455
1.033 0.0459015
1.034 0.0417283
1.035 0.0360878
1.036 0.0292822
1.037 0.0216409
1.038 0.0135073
1.039 0.00522558
1.04 -0.00287182
1.041 -0.0104757
1.042 -0.0173105
1.043 -0.0231429
1.044 -0.0277882
1.045 -0.0311157
1.046 -0.0330507
1.047 -0.0335754
1.048 -0.0327266
1.049 -0.0305929
1.05 -0.0273088
1.051 -0.0230481
1.052 -0.0180158
1.053 -0.0124391
1.054 -0.006558
1.055 -0.000615879
1.056 0.00515012
1.057 0.0105178
1.058 0.015288
1.059 0.0192914
1.06 0.0223941
1.061 0.0245015
1.062 0.0255609
1.063 0.0255622
1.064 0.024537
1.065 0.0225561
1.066 0.0197257
1.067 0.0161822
1.068 0.0120861
1.069 0.00761528
1.07 0.00295733
1.071 -0.00169776
1.072 -0.00616513
1.073 -0.0102721
1.074 -0.0138646
1.075 -0.0168126
1.076 -0.0190148
1.077 -0.0204015
1.078 -0.0209372
1.079 -0.0206203
1.08 -0.0194833
1.081 -0.0175901
1.082 -0.0150329
1.083 -0.0119283
1.084 -0.00841174
1.085 -0.00463215
1.086 -0.000745624
1.087 0.00309081
1.088 0.00672534
1.089 0.0100173
1.09 0.0128422
1.091 0.0150969
1.092 0.0167025
1.093 0.0176075
1.094 0.017789
1.095 0.0172535
1.096 0.0160354
1.097 0.0141957
1.098 0.0118191
1.099 0.00900977
1.1 0.00588747
1.101 0.00258216
1.102 -0.000771113
1.103 -0.00403772
1.104 -0.00708869
1.105 -0.00980576
1.106 -0.0120858
1.107 -0.0138449
1.108 -0.0150208
1.109 -0.0155758
1.11 -0.0154972
1.111 -0.0147978
1.112 -0.0135147
1.113 -0.0117079
1.114 -0.00945731
1.115 -0.00685916
1.116 -0.00402228
1.117 -0.00106341
1.118 0.00189748
1.119 0.00474201
1.12 0.00735802
1.121 0.00964398
1.122 0.0115128
1.123 0.0128953
1.124 0.0137424
1.125 0.014027
1.126 0.0137448
1.127 0.0129141
1.128 0.0115749
1.129 0.0097869
1.13 0.00762704
1.131 0.00518613
1.132 0.0025651
1.133 -0.000129066
1.134 -0.00278771
1.135 -0.00530483
1.136 -0.00758122
1.137 -0.0095284
1.138 -0.011072
1.139 -0.0121544
1.14 -0.0127373
1.141 -0.0128025
1.142 -0.0123527
1.143 -0.0114111
1.144 -0.0100203
1.145 -0.00824062
1.146 -0.006147
1.147 -0.00382636
1.148 -0.00137384
1.149 0.00111108
1.15 0.00352853
1.151 0.00578227
1.152 0.00778347
1.153 0.00945419
1.154 0.0107304
1.155 0.0115643
1.156 0.0119264
1.157 0.011806
1.158 0.0112121
1.159 0.0101723
1.16 0.00873194
1.161 0.00695195
1.162 0.00490639
1.163 0.00267933
1.164 0.000361478
1.165 -0.00195355
1.166 -0.00417293
1.167 -0.00620837
1.168 -0.00797956
1.169 -0.00941736
1.17 -0.0104664
1.171 -0.0110874
1.172 -0.0112583
1.173 -0.0109752
1.174 -0.0102527
1.175 -0.0091224
1.176 -0.00763241
1.177 -0.00584477
1.178 -0.00383307
1.179 -0.00167939
1.18 0.000528961
1.181 0.00270305
1.182 0.00475581
1.183 0.00660556
1.184 0.0081792
1.185 0.0094151
1.186 0.0102655
1.187 0.0106983
1.188 0.0106984
1.189 0.010268
1.19 0.00942661
1.191 0.00821001
1.192 0.00666893
1.193 0.00486682
1.194 0.00287728
1.195 0.000781073
1.196 -0.00133713
1.197 -0.00339216
1.198 -0.00530176
1.199 -0.00698985
1.2 -0.00838955
1.201 -0.00944584
1.202 -0.0101177
1.203 -0.0103796
1.204 -0.0102226
1.205 -0.00965458
1.206 -0.00869995
1.207 -0.00739841
1.208 -0.00580349
1.209 -0.00398027
1.21 -0.00200278
1.211 4.89988e-005
1.212 0.00209238
1.213 0.00404527
1.214 0.00582945
1.215 0.0073737
1.216 0.00861664
1.217 0.00950914
1.218 0.0100163
1.219 0.0101186
1.22 0.00981313
1.221 0.00911304
1.222 0.00804746
1.223 0.00666003
1.224 0.00500726
1.225 0.00315616
1.226 0.00118157
1.227 -0.000836871
1.228 -0.00281791
1.229 -0.00468195
1.23 -0.00635421
1.231 -0.00776776
1.232 -0.00886615
1.233 -0.00960565
1.234 -0.00995701
1.235 -0.00990662
1.236 -0.00945698
1.237 -0.00862666
1.238 -0.00744945
1.239 -0.00597306
1.24 -0.00425717
1.241 -0.002371
1.242 -0.00039059
1.243 0.00160432
1.244 0.00353345
1.245 0.00531919
1.246 0.00688976
1.247 0.00818201
1.248 0.00914402
1.249 0.00973713
1.25 0.00993752
1.251 0.00973713
1.252 0.00914402
1.253 0.00818201
1.254 0.00688976
1.255 0.00531919
1.256 0.00353345
1.257 0.00160432
1.258 -0.00039059
1.259 -0.002371
1.26 -0.00425717
1.261 -0.00597306
1.262 -0.00744945
1.263 -0.00862666
1.264 -0.00945698
1.265 -0.00990662
1.266 -0.00995701
1.267 -0.00960565
1.268 -0.00886615
1.269 -0.00776776
1.27 -0.00635421
1.271 -0.00468195
1.272 -0.00281791
1.273 -0.000836871
1.274 0.00118157
1.275 0.00315616
1.276 0.00500726
1.277 0.00666003
1.278 0.00804746
1.279 0.00911304
1.28 0.00981313
1.281 0.0101186
1.282 0.0100163
1.283 0.00950914
1.284 0.00861664
1.285 0.0073737
1.286 0.00582945
1.287 0.00404527
1.288 0.00209238
1.289 4.89988e-005
1.29 -0.00200278
1.291 -0.00398027
1.292 -0.00580349
1.293 -0.00739841
1.294 -0.00869995
1.295 -0.00965458
1.296 -0.0102226
1.297 -0.0103796
1.298 -0.0101177
1.299 -0.00944584
1.3 -0.00838955
1.301 -0.00698985
1.302 -0.00530176
1.303 -0.00339216
1.304 -0.00133713
1.305 0.000781073
1.306 0.00287728
1.307 0.00486682
1.308 0.00666893
1.309 0.00821001
1.31 0.00942661
1.311 0.010268
1.312 0.0106984
1.313 0.0106983
1.314 0.0102655
1.315 0.0094151
1.316 0.0081792
1.317 0.00660556
1.318 0.00475581
1.319 0.00270305
1.32 0.000528961
1.321 -0.00167939
1.322 -0.00383307
1.323 -0.00584477
1.324 -0.00763241
1.325 -0.0091224
1.326 -0.0102527
1.327 -0.0109752
1.328 -0.0112583
1.329 -0.0110874
1.33 -0.0104664
1.331 -0.00941736
1.332 -0.00797956
1.333 -0.00620837
1.334 -0.00417293
1.335 -0.00195355
1.336 0.000361478
1.337 0.00267933
1.338 0.00490639
1.339 0.00695195
1.34 0.00873194
1.341 0.0101723
1.342 0.0112121
1.343 0.011806
1.344 0.0119264
1.345 0.0115643
1.346 0.0107304
1.347 0.00945419
1.348 0.00778347
1.349 0.00578227
1.35 0.00352853
1.351 0.00111108
1.352 -0.00137384
1.353 -0.00382636
1.354 -0.006147
1.355 -0.00824062
1.356 -0.0100203
1.357 -0.0114111
1.358 -0.0123527
1.359 -0.0128025
1.36 -0.0127373
1.361 -0.0121544
1.362 -0.011072
1.363 -0.0095284
1.364 -0.00758122
1.365 -0.00530483
1.366 -0.00278771
1.367 -0.000129066
1.368 0.0025651
1.369 0.00518613
1.37 0.00762704
1.371 0.0097869
1.372 0.0115749
1.373 0.0129141
1.374 0.0137448
1.375 0.014027
1.376 0.0137424
1.377 0.0128953
1.378 0.0115128
1.379 0.00964398
1.38 0.00735802
1.381 0.00474201
1.382 0.00189748
1.383 -0.00106341
1.384 -0.00402228
1.385 -0.00685916
1.386 -0.00945731
1.387 -0.0117079
1.388 -0.0135147
1.389 -0.0147978
1.39 -0.0154972
1.391 -0.0155758
1.392 -0.0150208
1.393 -0.0138449
1.394 -0.0120858
1.395 -0.00980576
1.396 -0.00708869
1.397 -0.00403772
1.398 -0.000771113
1.399 0.00258216
1.4 0.00588747
1.401 0.00900977
1.402 0.0118191
1.403 0.0141957
1.404 0.0160354
1.405 0.0172535
1.406 0.017789
1.407 0.0176075
1.408 0.0167025
1.409 0.0150969
1.41 0.0128422
1.411 0.0100173
1.412 0.00672534
1.413 0.00309081
1.414 -0.000745624
1.415 -0.00463215
1.416 -0.00841174
1.417 -0.0119283
1.418 -0.0150329
1.419 -0.0175901
1.42 -0.0194833
1.421 -0.0206203
1.422 -0.0209372
1.423 -0.0204015
1.424 -0.0190148
1.425 -0.0168126
1.426 -0.0138646
1.427 -0.0102721
1.428 -0.00616513
1.429 -0.00169776
1.43 0.00295733
1.431 0.00761528
1.432 0.0120861
1.433 0.0161822
1.434 0.0197257
1.435 0.0225561
1.436 0.024537
1.437 0.0255622
1.438 0.0255609
1.439 0.0245015
1.44 0.0223941
1.441 0.0192914
1.442 0.015288
1.443 0.0105178
1.444 0.00515012
1.445 -0.000615879
1.446 -0.006558
1.447 -0.0124391
1.448 -0.0180158
1.449 -0.0230481
1.45 -0.0273088
1.451 -0.0305929
1.452 -0.0327266
1.453 -0.0335754
1.454 -0.0330507
1.455 -0.0311157
1.456 -0.0277882
1.457 -0.0231429
1.458 -0.0173105
1.459 -0.0104757
1.46 -0.00287182
1.461 0.00522558
1.462 0.0135073
1.463 0.0216409
1.464 0.0292822
1.465 0.0360878
1.466 0.0417283
1.467 0.0459015
1.468 0.0483455
1.469 0.0488504
1.47 0.0472698
1.471 0.0435299
1.472 0.0376366
1.473 0.0296809
1.474 0.0198409
1.475 0.00838175
1.476 -0.00434761
1.477 -0.0179203
1.478 -0.03184
1.479 -0.0455526
1.48 -0.058459
1.481 -0.0699307
1.482 -0.0793265
1.483 -0.0860103
1.484 -0.0893689
1.485 -0.0888305
1.486 -0.0838821
1.487 -0.0740855
1.488 -0.0590919
1.489 -0.0386548
1.49 -0.0126391
1.491 0.0189714
1.492 0.0560705
1.493 0.0984292
1.494 0.145698
1.495 0.197416
1.496 0.253014
1.497 0.311835
1.498 0.373143
1.499 0.436143
1.5 0.5
1.501 0.563857
1.502 0.626857
1.503 0.688165
1.504 0.746986
1.505 0.802584
1.506 0.854302
1.507 0.901571
1.508 0.943929
1.509 0.981029
1.51 1.01264
1.511 1.03865
1.512 1.05909
1.513 1.07409
1.514 1.08388
1.515 1.08883
1.516 1.08937
1.517 1.08601
1.518 1.07933
1.519 1.06993
1.52 1.05846
1.521 1.04555
1.522 1.03184
1.523 1.01792
1.524 1.00435
1.525 0.991618
1.526 0.980159
1.527 0.970319
1.528 0.962363
1.529 0.95647
1.53 0.95273
1.531 0.95115
1.532 0.951655
1.533 0.954098
1.534 0.958272
1.535 0.963912
1.536 0.970718
1.537 0.978359
1.538 0.986493
1.539 0.994774
1.54 1.00287
1.541 1.01048
1.542 1.01731
1.543 1.02314
1.544 1.02779
1.545 1.03112
1.546 1.03305
1.547 1.03358
1.548 1.03273
1.549 1.03059
1.55 1.02731
1.551 1.02305
1.552 1.01802
1.553 1.01244
1.554 1.00656
1.555 1.00062
1.556 0.99485
1.557 0.989482
1.558 0.984712
1.559 0.980709
1.56 0.977606
1.561 0.975499
1.562 0.974439
1.563 0.974438
1.564 0.975463
1.565 0.977444
1.566 0.980274
1.567 0.983818
1.568 0.987914
1.569 0.992385
1.57 0.997043
1.571 1.0017
1.572 1.00617
1.573 1.01027
1.574 1.01386
1.575 1.01681
1.576 1.01901
1.577 1.0204
1.578 1.02094
1.579 1.02062
1.58 1.01948
1.581 1.01759
1.582 1.01503
1.583 1.01193
1.584 1.00841
1.585 1.00463
1.586 1.00075
1.587 0.996909
1.588 0.993275
1.589 0.989983
1.59 0.987158
1.591 0.984903
1.592 0.983298
1.593 0.982393
1.594 0.982211
1.595 0.982747
1.596 0.983965
1.597 0.985804
1.598 0.988181
1.599 0.99099
1.6 0.994113
1.601 0.997418
1.602 1.00077
1.603 1.00404
1.604 1.00709
1.605 1.00981
1.606 1.01209
1.607 1.01384
1.608 1.01502
1.609 1.01558
1.61 1.0155
1.611 1.0148
1.612 1.01351
1.613 1.01171
1.614 1.00946
1.615 1.00686
1.616 1.00402
1.617 1.00106
1.618 0.998103
1.619 0.995258
1.62 0.992642
1.621 0.990356
1.622 0.988487
1.623 0.987105
1.624 0.986258
1.625 0.985973
1.626 0.986255
1.627 0.987086
1.628 0.988425
1.629 0.990213
1.63 0.992373
1.631 0.994814
1.632 0.997435
1.633 1.00013
1.634 1.00279
1.635 1.0053
1.636 1.00758
1.637 1.00953
1.638 1.01107
1.639 1.01215
1.64 1.01274
1.641 1.0128
1.642 1.01235
1.643 1.01141
1.644 1.01002
1.645 1.00824
1.646 1.00615
1.647 1.00383
1.648 1.00137
1.649 0.998889
1.65 0.996471
1.651 0.994218
1.652 0.992217
1.653 0.990546
1.654 0.98927
1.655 0.988436
1.656 0.988074
1.657 0.988194
1.658 0.988788
1.659 0.989828
1.66 0.991268
1.661 0.993048
1.662 0.995094
1.663 0.997321
1.664 0.999639
1.665 1.00195
1.666 1.00417
1.667 1.00621
1.668 1.00798
1.669 1.00942
1.67 1.01047
1.671 1.01109
1.672 1.01126
1.673 1.01098
1.674 1.01025
1.675 1.00912
1.676 1.00763
1.677 1.00584
1.678 1.00383
1.679 1.00168
1.68 0.999471
1.681 0.997297
1.682 0.995244
1.683 0.993394
1.684 0.991821
1.685 0.990585
1.686 0.989735
1.687 0.989302
1.688 0.989302
1.689 0.989732
1.69 0.990573
1.691 0.99179
1.692 0.993331
1.693 0.995133
1.694 0.997123
1.695 0.999219
1.696 1.00134
1.697 1.00339
1.698 1.0053
1.699 1.00699
1.7 1.00839
1.701 1.00945
1.702 1.01012
1.703 1.01038
1.704 1.01022
1.705 1.00965
1.706 1.0087
1.707 1.0074
1.708 1.0058
1.709 1.00398
1.71 1.002
1.711 0.999951
1.712 0.997908
1.713 0.995955
1.714 0.994171
1.715 0.992626
1.716 0.991383
1.717 0.990491
1.718 0.989984
1.719 0.989881
1.72 0.990187
1.721 0.990887
1.722 0.991953
1.723 0.99334
1.724 0.994993
1.725 0.996844
1.726 0.998818
1.727 1.00084
1.728 1.00282
1.729 1.00468
1.73 1.00635
1.731 1.00777
1.732 1.00887
1.733 1.00961
1.734 1.00996
1.735 1.00991
1.736 1.00946
1.737 1.00863
1.738 1.00745
1.739 1.00597
1.74 1.00426
1.741 1.00237
1.742 1.00039
1.743 0.998396
1.744 0.996467
1.745 0.994681
1.746 0.99311
1.747 0.991818
1.748 0.990856
1.749 0.990263
1.75 0.990062
1.751 0.990263
1.752 0.990856
1.753 0.991818
1.754 0.99311
1.755 0.994681
1.756 0.996467
1.757 0.998396
1.758 1.00039
1.759 1.00237
1.76 1.00426
1.761 1.00597
1.762 1.00745
1.763 1.00863
1.764 1.00946
1.765 1.00991
1.766 1.00996
1.767 1.00961
1.768 1.00887
1.769 1.00777
1.77 1.00635
1.771 1.00468
1.772 1.00282
1.773 1.00084
1.774 0.998818
1.775 0.996844
1.776 0.994993
1.777 0.99334
1.778 0.991953
1.779 0.990887
1.78 0.990187
1.781 0.989881
1.782 0.989984
1.783 0.990491
1.784 0.991383
1.785 0.992626
1.786 0.994171
1.787 0.995955
1.788 0.997908
1.789 0.999951
1.79 1.002
1.791 1.00398
1.792 1.0058
1.793 1.0074
1.794 1.0087
1.795 1.00965
1.796 1.01022
1.797 1.01038
1.798 1.01012
1.799 1.00945
1.8 1.00839
1.801 1.00699
1.802 1.0053
1.803 1.00339
1.804 1.00134
1.805 0.999219
1.806 0.997123
1.807 0.995133
1.808 0.993331
1.809 0.99179
1.81 0.990573
1.811 0.989732
1.812 0.989302
1.813 0.989302
1.814 0.989735
1.815 0.990585
1.816 0.991821
1.817 0.993394
1.818 0.995244
1.819 0.997297
1.82 0.999471
1.821 1.00168
1.822 1.00383
1.823 1.00584
1.824 1.00763
1.825 1.00912
1.826 1.01025
1.827 1.01098
1.828 1.01126
1.829 1.01109
1.83 1.01047
1.831 1.00942
1.832 1.00798
1.833 1.00621
1.834 1.00417
1.835 1.00195
1.836 0.999639
1.837 0.997321
1.838 0.995094
1.839 0.993048
1.84 0.991268
1.841 0.989828
1.842 0.988788
1.843 0.988194
1.844 0.988074
1.845 0.988436
1.846 0.98927
1.847 0.990546
1.848 0.992217
1.849 0.994218
1.85 0.996471
1.851 0.998889
1.852 1.00137
1.853 1.00383
1.854 1.00615
1.855 1.00824
1.856 1.01002
1.857 1.01141
1.858 1.01235
1.859 1.0128
1.86 1.01274
1.861 1.01215
1.862 1.01107
1.863 1.00953
1.864 1.00758
1.865 1.0053
1.866 1.00279
1.867 1.00013
1.868 0.997435
1.869 0.994814
1.87 0.992373
1.871 0.990213
1.872 0.988425
1.873 0.987086
1.874 0.986255
1.875 0.985973
1.876 0.986258
1.877 0.987105
1.878 0.988487
1.879 0.990356
1.88 0.992642
1.881 0.995258
1.882 0.998103
1.883 1.00106
1.884 1.00402
1.885 1.00686
1.886 1.00946
1.887 1.01171
1.888 1.01351
1.889 1.0148
1.89 1.0155
1.891 1.01558
1.892 1.01502
1.893 1.01384
1.894 1.01209
1.895 1.00981
1.896 1.00709
1.897 1.00404
1.898 1.00077
1.899 0.997418
1.9 0.994113
1.901 0.99099
1.902 0.988181
1.903 0.985804
1.904 0.983965
1.905 0.982747
1.906 0.982211
1.907 0.982393
1.908 0.983298
1.909 0.984903
1.91 0.987158
1.911 0.989983
1.912 0.993275
1.913 0.996909
1.914 1.00075
1.915 1.00463
1.916 1.00841
1.917 1.01193
1.918 1.01503
1.919 1.01759
1.92 1.01948
1.921 1.02062
1.922 1.02094
1.923 1.0204
1.924 1.01901
1.925 1.01681
1.926 1.01386
1.927 1.01027
1.928 1.00617
1.929 1.0017
1.93 0.997043
1.931 0.992385
1.932 0.987914
1.933 0.983818
1.934 0.980274
1.935 0.977444
1.936 0.975463
1.937 0.974438
1.938 0.974439
1.939 0.975499
1.94 0.977606
1.941 0.980709
1.942 0.984712
1.943 0.989482
1.944 0.99485
1.945 1.00062
1.946 1.00656
1.947 1.01244
1.948 1.01802
1.949 1.02305
1.95 1.02731
1.951 1.03059
1.952 1.03273
1.953 1.03358
1.954 1.03305
1.955 1.03112
1.956 1.02779
1.957 1.02314
1.958 1.01731
1.959 1.01048
1.96 1.00287
1.961 0.994774
1.962 0.986493
1.963 0.978359
1.964 0.970718
1.965 0.963912
1.966 0.958272
1.967 0.954098
1.968 0.951655
1.969 0.95115
1.97 0.95273
1.971 0.95647
1.972 0.962363
1.973 0.970319
1.974 0.980159
1.975 0.991618
1.976 1.00435
1.977 1.01792
1.978 1.03184
1.979 1.04555
1.98 1.05846
1.981 1.06993
1.982 1.07933
1.983 1.08601
1.984 1.08937
1.985 1.08883
1.986 1.08388
1.987 1.07409
1.988 1.05909
1.989 1.03865
1.99 1.01264
1.991 0.981029
1.992 0.943929
1.993 0.901571
1.994 0.854302
1.995 0.802584
1.996 0.746986
1.997 0.688165
1.998 0.626857
1.999 0.563857
2 0.5
2.001 0.436143
2.002 0.373143
2.003 0.311835
2.004 0.253014
2.005 0.197416
2.006 0.145698
2.007 0.0984292
2.008 0.0560705
2.009 0.0189714
2.01 -0.0126391
2.011 -0.0386548
2.012 -0.0590919
2.013 -0.0740855
2.014 -0.0838821
2.015 -0.0888305
2.016 -0.0893689
2.017 -0.0860103
2.018 -0.0793265
2.019 -0.0699307
2.02 -0.058459
2.021 -0.0455526
2.022 -0.03184
2.023 -0.0179203
2.024 -0.00434761
2.025 0.00838175
2.026 0.0198409
2.027 0.0296809
2.028 0.0376366
2.029 0.0435299
2.03 0.0472698
2.031 0.0488504
2.032 0.0483455
2.033 0.0459015
2.034 0.0417283
2.035 0.0360878
2.036 0.0292822
2.037 0.0216409
2.038 0.0135073
2.039 0.00522558
2.04 -0.00287182
2.041 -0.0104757
2.042 -0.0173105
2.043 -0.0231429
2.044 -0.0277882
2.045 -0.0311157
2.046 -0.0330507
2.047 -0.0335754
2.048 -0.0327266
2.049 -0.0305929
2.05 -0.0273088
2.051 -0.0230481
2.052 -0.0180158
2.053 -0.0124391
2.054 -0.006558
2.055 -0.000615879
2.056 0.00515012
2.057 0.0105178
2.058 0.015288
2.059 0.0192914
2.06 0.0223941
2.061 0.0245015
2.062 0.0255609
2.063 0.0255622
2.064 0.024537
2.065 0.0225561
2.066 0.0197257
2.067 0.0161822
2.068 0.0120861
2.069 0.00761528
2.07 0.00295733
2.071 -0.00169776
2.072 -0.00616513
2.073 -0.0102721
2.074 -0.0138646
2.075 -0.0168126
2.076 -0.0190148
2.077 -0.0204015
2.078 -0.0209372
2.079 -0.0206203
2.08 -0.0194833
2.081 -0.0175901
2.082 -0.0150329
2.083 -0.0119283
2.084 -0.00841174
2.085 -0.00463215
2.086 -0.000745624
2.087 0.00309081
2.088 0.00672534
2.089 0.0100173
2.09 0.0128422
2.091 0.0150969
2.092 0.0167025
2.093 0.0176075
2.094 0.017789
2.095 0.0172535
2.096 0.0160354
2.097 0.0141957
2.098 0.0118191
2.099 0.00900977
2.1 0.00588747
2.101 0.00258216
2.102 -0.000771113
2.103 -0.00403772
2.104 -0.00708869
2.105 -0.00980576
2.106 -0.0120858
2.107 -0.0138449
2.108 -0.0150208
2.109 -0.0155758
2.11 -0.0154972
2.111 -0.0147978
2.112 -0.0135147
2.113 -0.0117079
2.114 -0.00945731
2.115 -0.00685916
2.116 -0.00402228
2.117 -0.00106341
2.118 0.00189748
2.119 0.00474201
2.12 0.00735802
2.121 0.00964398
2.122 0.0115128
2.123 0.0128953
2.124 0.0137424
2.125 0.014027
2.126 0.0137448
2.127 0.0129141
2.128 0.0115749
2.129 0.0097869
2.13 0.00762704
2.131 0.00518613
2.132 0.0025651
2.133 -0.000129066
2.134 -0.00278771
2.135 -0.00530483
2.136 -0.00758122
2.137 -0.0095284
2.138 -0.011072
2.139 -0.0121544
2.14 -0.0127373
2.141 -0.0128025
2.142 -0.0123527
2.143 -0.0114111
2.144 -0.0100203
2.145 -0.00824062
2.146 -0.006147
2.147 -0.00382636
2.148 -0.00137384
2.149 0.00111108
2.15 0.00352853
2.151 0.00578227
2.152 0.00778347
2.153 0.00945419
2.154 0.0107304
2.155 0.0115643
2.156 0.0119264
2.157 0.011806
2.158 0.0112121
2.159 0.0101723
2.16 0.00873194
2.161 0.00695195
2.162 0.00490639
2.163 0.00267933
2.164 0.000361478
2.165 -0.00195355
2.166 -0.00417293
2.167 -0.00620837
2.168 -0.00797956
2.169 -0.00941736
2.17 -0.0104664
2.171 -0.0110874
2.172 -0.0112583
2.173 -0.0109752
2.174 -0.0102527
2.175 -0.0091224
2.176 -0.00763241
2.177 -0.00584477
2.178 -0.00383307
2.179 -0.00167939
2.18 0.000528961
2.181 0.00270305
2.182 0.00475581
2.183 0.00660556
2.184 0.0081792
2.185 0.0094151
2.186 0.0102655
2.187 0.0106983
2.188 0.0106984
2.189 0.010268
2.19 0.00942661
2.191 0.00821001
2.192 0.00666893
2.193 0.00486682
2.194 0.00287728
2.195 0.000781073
2.196 -0.00133713
2.197 -0.00339216
2.198 -0.00530176
2.199 -0.00698985
2.2 -0.00838955
2.201 -0.00944584
2.202 -0.0101177
2.203 -0.0103796
2.204 -0.0102226
2.205 -0.00965458
2.206 -0.00869995
2.207 -0.00739841
2.208 -0.00580349
2.209 -0.00398027
2.21 -0.00200278
2.211 4.89988e-005
2.212 0.00209238
2.213 0.00404527
2.214 0.00582945
2.215 0.0073737
2.216 0.00861664
2.217 0.00950914
2.218 0.0100163
2.219 0.0101186
2.22 0.00981313
2.221 0.00911304
2.222 0.00804746
2.223 0.00666003
2.224 0.00500726
2.225 0.00315616
2.226 0.00118157
2.227 -0.000836871
2.228 -0.00281791
2.229 -0.00468195
2.23 -0.00635421
2.231 -0.00776776
2.232 -0.00886615
2.233 -0.00960565
2.234 -0.00995701
2.235 -0.00990662
2.236 -0.00945698
2.237 -0.00862666
2.238 -0.00744945
2.239 -0.00597306
2.24 -0.00425717
2.241 -0.002371
2.242 -0.00039059
2.243 0.00160432
2.244 0.00353345
2.245 0.00531919
2.246 0.00688976
2.247 0.00818201
2.248 0.00914402
2.249 0.00973713
2.25 0.00993752
2.251 0.00973713
2.252 0.00914402
2.253 0.00818201
2.254 0.00688976
2.255 0.00531919
2.256 0.00353345
2.257 0.00160432
2.258 -0.00039059
2.259 -0.002371
2.26 -0.00425717
2.261 -0.00597306
2.262 -0.00744945
2.263 -0.00862666
2.264 -0.00945698
2.265 -0.00990662
2.266 -0.00995701
2.267 -0.00960565
2.268 -0.00886615
2.269 -0.00776776
2.27 -0.00635421
2.271 -0.00468195
2.272 -0.00281791
2.273 -0.000836871
2.274 0.00118157
2.275 0.00315616
2.276 0.00500726
2.277 0.00666003
2.278 0.00804746
2.279 0.00911304
2.28 0.00981313
2.281 0.0101186
2.282 0.0100163
2.283 0.00950914
2.284 0.00861664
2.285 0.0073737
2.286 0.00582945
2.287 0.00404527
2.288 0.00209238
2.289 4.89988e-005
2.29 -0.00200278
2.291 -0.00398027
2.292 -0.00580349
2.293 -0.00739841
2.294 -0.00869995
2.295 -0.00965458
2.296 -0.0102226
2.297 -0.0103796
2.298 -0.0101177
2.299 -0.00944584
2.3 -0.00838955
2.301 -0.00698985
2.302 -0.00530176
2.303 -0.00339216
2.304 -0.00133713
2.305 0.000781073
2.306 0.00287728
2.307 0.00486682
2.308 0.00666893
2.309 0.00821001
2.31 0.00942661
2.311 0.010268
2.312 0.0106984
2.313 0.0106983
2.314 0.0102655
2.315 0.0094151
2.316 0.0081792
2.317 0.00660556
2.318 0.00475581
2.319 0.00270305
2.32 0.000528961
2.321 -0.00167939
2.322 -0.00383307
2.323 -0.00584477
2.324 -0.00763241
2.325 -0.0091224
2.326 -0.0102527
2.327 -0.0109752
2.328 -0.0112583
2.329 -0.0110874
2.33 -0.0104664
2.331 -0.00941736
2.332 -0.00797956
2.333 -0.00620837
2.334 -0.00417293
2.335 -0.00195355
2.336 0.000361478
2.337 0.00267933
2.338 0.00490639
2.339 0.00695195
2.34 0.00873194
2.341 0.0101723
2.342 0.0112121
2.343 0.011806
2.344 0.0119264
2.345 0.0115643
2.346 0.0107304
2.347 0.00945419
2.348 0.00778347
2.349 0.00578227
2.35 0.00352853
2.351 0.00111108
2.352 -0.00137384
2.353 -0.00382636
2.354 -0.006147
2.355 -0.00824062
2.356 -0.0100203
2.357 -0.0114111
2.358 -0.0123527
2.359 -0.0128025
2.36 -0.0127373
2.361 -0.0121544
2.362 -0.011072
2.363 -0.0095284
2.364 -0.00758122
2.365 -0.00530483
2.366 -0.00278771
2.367 -0.000129066
2.368 0.0025651
2.369 0.00518613
2.37 0.00762704
2.371 0.0097869
2.372 0.0115749
2.373 0.0129141
2.374 0.0137448
2.375 0.014027
2.376 0.0137424
2.377 0.0128953
2.378 0.0115128
2.379 0.00964398
2.38 0.00735802
2.381 0.00474201
2.382 0.00189748
2.383 -0.00106341
2.384 -0.00402228
2.385 -0.00685916
2.386 -0.00945731
2.387 -0.0117079
2.388 -0.0135147
2.389 -0.0147978
2.39 -0.0154972
2.391 -0.0155758
2.392 -0.0150208
2.393 -0.0138449
2.394 -0.0120858
2.395 -0.00980576
2.396 -0.00708869
2.397 -0.00403772
2.398 -0.000771113
2.399 0.00258216
2.4 0.00588747
2.401 0.00900977
2.402 0.0118191
2.403 0.0141957
2.404 0.0160354
2.405 0.0172535
2.406 0.017789
2.407 0.0176075
2.408 0.0167025
2.409 0.0150969
2.41 0.0128422
2.411 0.0100173
2.412 0.00672534
2.413 0.00309081
2.414 -0.000745624
2.415 -0.00463215
2.416 -0.00841174
2.417 -0.0119283
2.418 -0.0150329
2.419 -0.0175901
2.42 -0.0194833
2.421 -0.0206203
2.422 -0.0209372
2.423 -0.0204015
2.424 -0.0190148
2.425 -0.0168126
2.426 -0.0138646
2.427 -0.0102721
2.428 -0.00616513
2.429 -0.00169776
2.43 0.00295733
2.431 0.00761528
2.432 0.0120861
2.433 0.0161822
2.434 0.0197257
2.435 0.0225561
2.436 0.024537
2.437 0.0255622
2.438 0.0255609
2.439 0.0245015
2.44 0.0223941
2.441 0.0192914
2.442 0.015288
2.443 0.0105178
2.444 0.00515012
2.445 -0.000615879
2.446 -0.006558
2.447 -0.0124391
2.448 -0.0180158
2.449 -0.0230481
2.45 -0.0273088
2.451 -0.0305929
2.452 -0.0327266
2.453 -0.0335754
2.454 -0.0330507
2.455 -0.0311157
2.456 -0.0277882
2.457 -0.0231429
2.458 -0.0173105
2.459 -0.0104757
2.46 -0.00287182
2.461 0.00522558
2.462 0.0135073
2.463 0.0216409
2.464 0.0292822
2.465 0.0360878
2.466 0.0417283
2.467 0.0459015
2.468 0.0483455
2.469 0.0488504
2.47 0.0472698
2.471 0.0435299
2.472 0.0376366
2.473 0.0296809
2.474 0.0198409
2.475 0.00838175
2.476 -0.00434761
2.477 -0.0179203
2.478 -0.03184
2.479 -0.0455526
2.48 -0.058459
2.481 -0.0699307
2.482 -0.0793265
2.483 -0.0860103
2.484 -0.0893689
2.485 -0.0888305
2.486 -0.0838821
2.487 -0.0740855
2.488 -0.0590919
2.489 -0.0386548
2.49 -0.0126391
2.491 0.0189714
2.492 0.0560705
2.493 0.0984292
2.494 0.145698
2.495 0.197416
2.496 0.253014
2.497 0.311835
2.498 0.373143
2.499 0.436143
2.5 0.5
2.501 0.563857
2.502 0.626857
2.503 0.688165
2.504 0.746986
2.505 0.802584
2.506 0.854302
2.507 0.901571
2.508 0.943929
2.509 0.981029
2.51 1.01264
2.511 1.03865
2.512 1.05909
2.513 1.07409
2.514 1.08388
2.515 1.08883
2.516 1.08937
2.517 1.08601
2.518 1.07933
2.519 1.06993
2.52 1.05846
2.521 1.04555
2.522 1.03184
2.523 1.01792
2.524 1.00435
2.525 0.991618
2.526 0.980159
2.527 0.970319
2.528 0.962363
2.529 0.95647
2.53 0.95273
2.531 0.95115
2.532 0.951655
2.533 0.954098
2.534 0.958272
2.535 0.963912
2.536 0.970718
2.537 0.978359
2.538 0.986493
2.539 0.994774
2.54 1.00287
2.541 1.01048
2.542 1.01731
2.543 1.02314
2.544 1.02779
2.545 1.03112
2.546 1.03305
2.547 1.03358
2.548 1.03273
2.549 1.03059
2.55 1.02731
2.551 1.02305
2.552 1.01802
2.553 1.01244
2.554 1.00656
2.555 1.00062
2.556 0.99485
2.557 0.989482
2.558 0.984712
2.559 0.980709
2.56 0.977606
2.561 0.975499
2.562 0.974439
2.563 0.974438
2.564 0.975463
2.565 0.977444
2.566 0.980274
2.567 0.983818
2.568 0.987914
2.569 0.992385
2.57 0.997043
2.571 1.0017
2.572 1.00617
2.573 1.01027
2.574 1.01386
2.575 1.01681
2.576 1.01901
2.577 1.0204
2.578 1.02094
2.579 1.02062
2.58 1.01948
2.581 1.01759
2.582 1.01503
2.583 1.01193
2.584 1.00841
2.585 1.00463
2.586 1.00075
2.587 0.996909
2.588 0.993275
2.589 0.989983
2.59 0.987158
2.591 0.984903
2.592 0.983298
2.593 0.982393
2.594 0.982211
2.595 0.982747
2.596 0.983965
2.597 0.985804
2.598 0.988181
2.599 0.99099
2.6 0.994113
2.601 0.997418
2.602 1.00077
2.603 1.00404
2.604 1.00709
2.605 1.00981
2.606 1.01209
2.607 1.01384
2.608 1.01502
2.609 1.01558
2.61 1.0155
2.611 1.0148
2.612 1.01351
2.613 1.01171
2.614 1.00946
2.615 1.00686
2.616 1.00402
2.617 1.00106
2.618 0.998103
2.619 0.995258
2.62 0.992642
2.621 0.990356
2.622 0.988487
2.623 0.987105
2.624 0.986258
2.625 0.985973
2.626 0.986255
2.627 0.987086
2.628 0.988425
2.629 0.990213
2.63 0.992373
2.631 0.994814
2.632 0.997435
2.633 1.00013
2.634 1.00279
2.635 1.0053
2.636 1.00758
2.637 1.00953
2.638 1.01107
2.639 1.01215
2.64 1.01274
2.641 1.0128
2.642 1.01235
2.643 1.01141
2.644 1.01002
2.645 1.00824
2.646 1.00615
2.647 1.00383
2.648 1.00137
2.649 0.998889
2.65 0.996471
2.651 0.994218
2.652 0.992217
2.653 0.990546
2.654 0.98927
2.655 0.988436
2.656 0.988074
2.657 0.988194
2.658 0.988788
2.659 0.989828
2.66 0.991268
2.661 0.993048
2.662 0.995094
2.663 0.997321
2.664 0.999639
2.665 1.00195
2.666 1.00417
2.667 1.00621
2.668 1.00798
2.669 1.00942
2.67 1.01047
2.671 1.01109
2.672 1.01126
2.673 1.01098
2.674 1.01025
2.675 1.00912
2.676 1.00763
2.677 1.00584
2.678 1.00383
2.679 1.00168
2.68 0.999471
2.681 0.997297
2.682 0.995244
2.683 0.993394
2.684 0.991821
2.685 0.990585
2.686 0.989735
2.687 0.989302
2.688 0.989302
2.689 0.989732
2.69 0.990573
2.691 0.99179
2.692 0.993331
2.693 0.995133
2.694 0.997123
2.695 0.999219
2.696 1.00134
2.697 1.00339
2.698 1.0053
2.699 1.00699
2.7 1.00839
2.701 1.00945
2.702 1.01012
2.703 1.01038
2.704 1.01022
2.705 1.00965
2.706 1.0087
2.707 1.0074
2.708 1.0058
2.709 1.00398
2.71 1.002
2.711 0.999951
2.712 0.997908
2.713 0.995955
2.714 0.994171
2.715 0.992626
2.716 0.991383
2.717 0.990491
2.718 0.989984
2.719 0.989881
2.72 0.990187
2.721 0.990887
2.722 0.991953
2.723 0.99334
2.724 0.994993
2.725 0.996844
2.726 0.998818
2.727 1.00084
2.728 1.00282
2.729 1.00468
2.73 1.00635
2.731 1.00777
2.732 1.00887
2.733 1.00961
2.734 1.00996
2.735 1.00991
2.736 1.00946
2.737 1.00863
2.738 1.00745
2.739 1.00597
2.74 1.00426
2.741 1.00237
2.742 1.00039
2.743 0.998396
2.744 0.996467
2.745 0.994681
2.746 0.99311
2.747 0.991818
2.748 0.990856
2.749 0.990263
2.75 0.990062
2.751 0.990263
2.752 0.990856
2.753 0.991818
2.754 0.99311
2.755 0.994681
2.756 0.996467
2.757 0.998396
2.758 1.00039
2.759 1.00237
2.76 1.00426
2.761 1.00597
2.762 1.00745
2.763 1.00863
2.764 1.00946
2.765 1.00991
2.766 1.00996
2.767 1.00961
2.768 1.00887
2.769 1.00777
2.77 1.00635
2.771 1.00468
2.772 1.00282
2.773 1.00084
2.774 0.998818
2.775 0.996844
2.776 0.994993
2.777 0.99334
2.778 0.991953
2.779 0.990887
2.78 0.990187
2.781 0.989881
2.782 0.989984
2.783 0.990491
2.784 0.991383
2.785 0.992626
2.786 0.994171
2.787 0.995955
2.788 0.997908
2.789 0.999951
2.79 1.002
2.791 1.00398
2.792 1.0058
2.793 1.0074
2.794 1.0087
2.795 1.00965
2.796 1.01022
2.797 1.01038
2.798 1.01012
2.799 1.00945
2.8 1.00839
2.801 1.00699
2.802 1.0053
2.803 1.00339
2.804 1.00134
2.805 0.999219
2.806 0.997123
2.807 0.995133
2.808 0.993331
2.809 0.99179
2.81 0.990573
2.811 0.989732
2.812 0.989302
2.813 0.989302
2.814 0.989735
2.815 0.990585
2.816 0.991821
2.817 0.993394
2.818 0.995244
2.819 0.997297
2.82 0.999471
2.821 1.00168
2.822 1.00383
2.823 1.00584
2.824 1.00763
2.825 1.00912
2.826 1.01025
2.827 1.01098
2.828 1.01126
2.829 1.01109
2.83 1.01047
2.831 1.00942
2.832 1.00798
2.833 1.00621
2.834 1.00417
2.835 1.00195
2.836 0.999639
2.837 0.997321
2.838 0.995094
2.839 0.993048
2.84 0.991268
2.841 0.989828
2.842 0.988788
2.843 0.988194
2.844 0.988074
2.845 0.988436
2.846 0.98927
2.847 0.990546
2.848 0.992217
2.849 0.994218
2.85 0.996471
2.851 0.998889
2.852 1.00137
2.853 1.00383
2.854 1.00615
2.855 1.00824
2.856 1.01002
2.857 1.01141
2.858 1.01235
2.859 1.0128
2.86 1.01274
2.861 1.01215
2.862 1.01107
2.863 1.00953
2.864 1.00758
2.865 1.0053
2.866 1.00279
2.867 1.00013
2.868 0.997435
2.869 0.994814
2.87 0.992373
2.871 0.990213
2.872 0.988425
2.873 0.987086
2.874 0.986255
2.875 0.985973
2.876 0.986258
2.877 0.987105
2.878 0.988487
2.879 0.990356
2.88 0.992642
2.881 0.995258
2.882 0.998103
2.883 1.00106
2.884 1.00402
2.885 1.00686
2.886 1.00946
2.887 1.01171
2.888 1.01351
2.889 1.0148
2.89 1.0155
2.891 1.01558
2.892 1.01502
2.893 1.01384
2.894 1.01209
2.895 1.00981
2.896 1.00709
2.897 1.00404
2.898 1.00077
2.899 0.997418
2.9 0.994113
2.901 0.99099
2.902 0.988181
2.903 0.985804
2.904 0.983965
2.905 0.982747
2.906 0.982211
2.907 0.982393
2.908 0.983298
2.909 0.984903
2.91 0.987158
2.911 0.989983
2.912 0.993275
2.913 0.996909
2.914 1.00075
2.915 1.00463
2.916 1.00841
2.917 1.01193
2.918 1.01503
2.919 1.01759
2.92 1.01948
2.921 1.02062
2.922 1.02094
2.923 1.0204
2.924 1.01901
2.925 1.01681
2.926 1.01386
2.927 1.01027
2.928 1.00617
2.929 1.0017
2.93 0.997043
2.931 0.992385
2.932 0.987914
2.933 0.983818
2.934 0.980274
2.935 0.977444
2.936 0.975463
2.937 0.974438
2.938 0.974439
2.939 0.975499
2.94 0.977606
2.941 0.980709
2.942 0.984712
2.943 0.989482
2.944 0.99485
2.945 1.00062
2.946 1.00656
2.947 1.01244
2.948 1.01802
2.949 1.02305
2.95 1.02731
2.951 1.03059
2.952 1.03273
2.953 1.03358
2.954 1.03305
2.955 1.03112
2.956 1.02779
2.957 1.02314
2.958 1.01731
2.959 1.01048
2.96 1.00287
2.961 0.994774
2.962 0.986493
2.963 0.978359
2.964 0.970718
2.965 0.963912
2.966 0.958272
2.967 0.954098
2.968 0.951655
2.969 0.95115
2.97 0.95273
2.971 0.95647
2.972 0.962363
2.973 0.970319
2.974 0.980159
2.975 0.991618
2.976 1.00435
2.977 1.01792
2.978 1.03184
2.979 1.04555
2.98 1.05846
2.981 1.06993
2.982 1.07933
2.983 1.08601
2.984 1.08937
2.985 1.08883
2.986 1.08388
2.987 1.07409
2.988 1.05909
2.989 1.03865
2.99 1.01264
2.991 0.981029
2.992 0.943929
2.993 0.901571
2.994 0.854302
2.995 0.802584
2.996 0.746986
2.997 0.688165
2.998 0.626857
2.999 0.563857
3 0.5
3.001 0.436143
3.002 0.373143
3.003 0.311835
3.004 0.253014
3.005 0.197416
3.006 0.145698
3.007 0.0984292
3.008 0.0560705
3.009 0.0189714
3.01 -0.0126391
3.011 -0.0386548
3.012 -0.0590919
3.013 -0.0740855
3.014 -0.0838821
3.015 -0.0888305
3.016 -0.0893689
3.017 -0.0860103
3.018 -0.0793265
3.019 -0.0699307
3.02 -0.058459
3.021 -0.0455526
3.022 -0.03184
3.023 -0.0179203
3.024 -0.00434761
3.025 0.00838175
3.026 0.0198409
3.027 0.0296809
3.028 0.0376366
3.029 0.0435299
3.03 0.0472698
3.031 0.0488504
3.032 0.0483455
3.033 0.0459015
3.034 0.0417283
3.035 0.0360878
3.036 0.0292822
3.037 0.0216409
3.038 0.0135073
3.039 0.00522558
3.04 -0.00287182
3.041 -0.0104757
3.042 -0.0173105
3.043 -0.0231429
3.044 -0.0277882
3.045 -0.0311157
3.046 -0.0330507
3.047 -0.0335754
3.048 -0.0327266
3.049 -0.0305929
3.05 -0.0273088
3.051 -0.0230481
3.052 -0.0180158
3.053 -0.0124391
3.054 -0.006558
3.055 -0.000615879
3.056 0.00515012
3.057 0.0105178
3.058 0.015288
3.059 0.0192914
3.06 0.0223941
3.061 0.0245015
3.062 0.0255609
3.063 0.0255622
3.064 0.024537
3.065 0.0225561
3.066 0.0197257
3.067 0.0161822
3.068 0.0120861
3.069 0.00761528
3.07 0.00295733
3.071 -0.00169776
3.072 -0.00616513
3.073 -0.0102721
3.074 -0.0138646
3.075 -0.0168126
3.076 -0.0190148
3.077 -0.0204015
3.078 -0.0209372
3.079 -0.0206203
3.08 -0.0194833
3.081 -0.0175901
3.082 -0.0150329
3.083 -0.0119283
3.084 -0.00841174
3.085 -0.00463215
3.086 -0.000745624
3.087 0.00309081
3.088 0.00672534
3.089 0.0100173
3.09 0.0128422
3.091 0.0150969
3.092 0.0167025
3.093 0.0176075
3.094 0.017789
3.095 0.0172535
3.096 0.0160354
3.097 0.0141957
3.098 0.0118191
3.099 0.00900977
3.1 0.00588747
3.101 0.00258216
3.102 -0.000771113
3.103 -0.00403772
3.104 -0.00708869
3.105 -0.00980576
3.106 -0.0120858
3.107 -0.0138449
3.108 -0.0150208
3.109 -0.0155758
3.11 -0.0154972
3.111 -0.0147978
3.112 -0.0135147
3.113 -0.0117079
3.114 -0.00945731
3.115 -0.00685916
3.116 -0.00402228
3.117 -0.00106341
3.118 0.00189748
3.119 0.00474201
3.12 0.00735802
3.121 0.00964398
3.122 0.0115128
3.123 0.0128953
3.124 0.0137424
3.125 0.014027
3.126 0.0137448
3.127 0.0129141
3.128 0.0115749
3.129 0.0097869
3.13 0.00762704
3.131 0.00518613
3.132 0.0025651
3.133 -0.000129066
3.134 -0.00278771
3.135 -0.00530483
3.136 -0.00758122
3.137 -0.0095284
3.138 -0.011072
3.139 -0.0121544
3.14 -0.0127373
3.141 -0.0128025
3.142 -0.0123527
3.143 -0.0114111
3.144 -0.0100203
3.145 -0.00824062
3.146 -0.006147
3.147 -0.00382636
3.148 -0.00137384
3.149 0.00111108
3.15 0.00352853
3.151 0.00578227
3.152 0.00778347
3.153 0.00945419
3.154 0.0107304
3.155 0.0115643
3.156 0.0119264
3.157 0.011806
3.158 0.0112121
3.159 0.0101723
3.16 0.00873194
3.161 0.00695195
3.162 0.00490639
3.163 0.00267933
3.164 0.000361478
3.165 -0.00195355
3.166 -0.00417293
3.167 -0.00620837
3.168 -0.00797956
3.169 -0.00941736
3.17 -0.0104664
3.171 -0.0110874
3.172 -0.0112583
3.173 -0.0109752
3.174 -0.0102527
3.175 -0.0091224
3.176 -0.00763241
3.177 -0.00584477
3.178 -0.00383307
3.179 -0.00167939
3.18 0.000528961
3.181 0.00270305
3.182 0.00475581
3.183 0.00660556
3.184 0.0081792
3.185 0.0094151
3.186 0.0102655
3.187 0.0106983
3.188 0.0106984
3.189 0.010268
3.19 0.00942661
3.191 0.00821001
3.192 0.00666893
3.193 0.00486682
3.194 0.00287728
3.195 0.000781073
3.196 -0.00133713
3.197 -0.00339216
3.198 -0.00530176
3.199 -0.00698985
3.2 -0.00838955
3.201 -0.00944584
3.202 -0.0101177
3.203 -0.0103796
3.204 -0.0102226
3.205 -0.00965458
3.206 -0.00869995
3.207 -0.00739841
3.208 -0.00580349
3.209 -0.00398027
3.21 -0.00200278
3.211 4.89988e-005
3.212 0.00209238
3.213 0.00404527
3.214 0.00582945
3.215 0.0073737
3.216 0.00861664
3.217 0.00950914
3.218 0.0100163
3.219 0.0101186
3.22 0.00981313
3.221 0.00911304
3.222 0.00804746
3.223 0.00666003
3.224 0.00500726
3.225 0.00315616
3.226 0.00118157
3.227 -0.000836871
3.228 -0.00281791
3.229 -0.00468195
3.23 -0.00635421
3.231 -0.00776776
3.232 -0.00886615
3.233 -0.00960565
3.234 -0.00995701
3.235 -0.00990662
3.236 -0.00945698
3.237 -0.00862666
3.238 -0.00744945
3.239 -0.00597306
3.24 -0.00425717
3.241 -0.002371
3.242 -0.00039059
3.243 0.00160432
3.244 0.00353345
3.245 0.00531919
3.246 0.00688976
3.247 0.00818201
3.248 0.00914402
3.249 0.00973713
3.25 0.00993752
3.251 0.00973713
3.252 0.00914402
3.253 0.00818201
3.254 0.00688976
3.255 0.00531919
3.256 0.00353345
3.257 0.00160432
3.258 -0.00039059
3.259 -0.002371
3.26 -0.00425717
3.261 -0.00597306
3.262 -0.00744945
3.263 -0.00862666
3.264 -0.00945698
3.265 -0.00990662
3.266 -0.00995701
3.267 -0.00960565
3.268 -0.00886615
3.269 -0.00776776
3.27 -0.00635421
3.271 -0.00468195
3.272 -0.00281791
3.273 -0.000836871
3.274 0.00118157
3.275 0.00315616
3.276 0.00500726
3.277 0.00666003
3.278 0.00804746
3.279 0.00911304
3.28 0.00981313
3.281 0.0101186
3.282 0.0100163
3.283 0.00950914
3.284 0.00861664
3.285 0.0073737
3.286 0.00582945
3.287 0.00404527
3.288 0.00209238
3.289 4.89988e-005
3.29 -0.00200278
3.291 -0.00398027
3.292 -0.00580349
3.293 -0.00739841
3.294 -0.00869995
3.295 -0.00965458
3.296 -0.0102226
3.297 -0.0103796
3.298 -0.0101177
3.299 -0.00944584
3.3 -0.00838955
3.301 -0.00698985
3.302 -0.00530176
3.303 -0.00339216
3.304 -0.00133713
3.305 0.000781073
3.306 0.00287728
3.307 0.00486682
3.308 0.00666893
3.309 0.00821001
3.31 0.00942661
3.311 0.010268
3.312 0.0106984
3.313 0.0106983
3.314 0.0102655
3.315 0.0094151
3.316 0.0081792
3.317 0.00660556
3.318 0.00475581
3.319 0.00270305
3.32 0.000528961
3.321 -0.00167939
3.322 -0.00383307
3.323 -0.00584477
3.324 -0.00763241
3.325 -0.0091224
3.326 -0.0102527
3.327 -0.0109752
3.328 -0.0112583
3.329 -0.0110874
3.33 -0.0104664
3.331 -0.00941736
3.332 -0.00797956
3.333 -0.00620837
3.334 -0.00417293
3.335 -0.00195355
3.336 0.000361478
3.337 0.00267933
3.338 0.00490639
3.339 0.00695195
3.34 0.00873194
3.341 0.0101723
3.342 0.0112121
3.343 0.011806
3.344 0.0119264
3.345 0.0115643
3.346 0.0107304
3.347 0.00945419
3.348 0.00778347
3.349 0.00578227
3.35 0.00352853
3.351 0.00111108
3.352 -0.00137384
3.353 -0.00382636
3.354 -0.006147
3.355 -0.00824062
3.356 -0.0100203
3.357 -0.0114111
3.358 -0.0123527
3.359 -0.0128025
3.36 -0.0127373
3.361 -0.0121544
3.362 -0.011072
3.363 -0.0095284
3.364 -0.00758122
3.365 -0.00530483
3.366 -0.00278771
3.367 -0.000129066
3.368 0.0025651
3.369 0.00518613
3.37 0.00762704
3.371 0.0097869
3.372 0.0115749
3.373 0.0129141
3.374 0.0137448
3.375 0.014027
3.376 0.0137424
3.377 0.0128953
3.378 0.0115128
3.379 0.00964398
3.38 0.00735802
3.381 0.00474201
3.382 0.00189748
3.383 -0.00106341
3.384 -0.00402228
3.385 -0.00685916
3.386 -0.00945731
3.387 -0.0117079
3.388 -0.0135147
3.389 -0.0147978
3.39 -0.0154972
3.391 -0.0155758
3.392 -0.0150208
3.393 -0.0138449
3.394 -0.0120858
3.395 -0.00980576
3.396 -0.00708869
3.397 -0.00403772
3.398 -0.000771113
3.399 0.00258216
3.4 0.00588747
3.401 0.00900977
3.402 0.0118191
3.403 0.0141957
3.404 0.0160354
3.405 0.0172535
3.406 0.017789
3.407 0.0176075
3.408 0.0167025
3.409 0.0150969
3.41 0.0128422
3.411 0.0100173
3.412 0.00672534
3.413 0.00309081
3.414 -0.000745624
3.415 -0.00463215
3.416 -0.00841174
3.417 -0.0119283
3.418 -0.0150329
3.419 -0.0175901
3.42 -0.0194833
3.421 -0.0206203
3.422 -0.0209372
3.423 -0.0204015
3.424 -0.0190148
3.425 -0.0168126
3.426 -0.0138646
3.427 -0.0102721
3.428 -0.00616513
3.429 -0.00169776
3.43 0.00295733
3.431 0.00761528
3.432 0.0120861
3.433 0.0161822
3.434 0.0197257
3.435 0.0225561
3.436 0.024537
3.437 0.0255622
3.438 0.0255609
3.439 0.0245015
3.44 0.0223941
3.441 0.0192914
3.442 0.015288
3.443 0.0105178
3.444 0.00515012
3.445 -0.000615879
3.446 -0.006558
3.447 -0.0124391
3.448 -0.0180158
3.449 -0.0230481
3.45 -0.0273088
3.451 -0.0305929
3.452 -0.0327266
3.453 -0.0335754
3.454 -0.0330507
3.455 -0.0311157
3.456 -0.0277882
3.457 -0.0231429
3.458 -0.0173105
3.459 -0.0104757
3.46 -0.00287182
3.461 0.00522558
3.462 0.0135073
3.463 0.0216409
3.464 0.0292822
3.465 0.0360878
3.466 0.0417283
3.467 0.0459015
3.468 0.0483455
3.469 0.0488504
3.47 0.0472698
3.471 0.0435299
3.472 0.0376366
3.473 0.0296809
3.474 0.0198409
3.475 0.00838175
3.476 -0.00434761
3.477 -0.0179203
3.478 -0.03184
3.479 -0.0455526
3.48 -0.058459
3.481 -0.0699307
3.482 -0.0793265
3.483 -0.0860103
3.484 -0.0893689
3.485 -0.0888305
3.486 -0.0838821
3.487 -0.0740855
3.488 -0.0590919
3.489 -0.0386548
3.49 -0.0126391
3.491 0.0189714
3.492 0.0560705
3.493 0.0984292
3.494 0.145698
3.495 0.197416
3.496 0.253014
3.497 0.311835
3.498 0.373143
3.499 0.436143
3.5 0.5
3.501 0.563857
3.502 0.626857
3.503 0.688165
3.504 0.746986
3.505 0.802584
3.506 0.854302
3.507 0.901571
3.508 0.943929
3.509 0.981029
3.51 1.01264
3.511 1.03865
3.512 1.05909
3.513 1.07409
3.514 1.08388
3.515 1.08883
3.516 1.08937
3.517 1.08601
3.518 1.07933
3.519 1.06993
3.52 1.05846
3.521 1.04555
3.522 1.03184
3.523 1.01792
3.524 1.00435
3.525 0.991618
3.526 0.980159
3.527 0.970319
3.528 0.962363
3.529 0.95647
3.53 0.95273
3.531 0.95115
3.532 0.951655
3.533 0.954098
3.534 0.958272
3.535 0.963912
3.536 0.970718
3.537 0.978359
3.538 0.986493
3.539 0.994774
3.54 1.00287
3.541 1.01048
3.542 1.01731
3.543 1.02314
3.544 1.02779
3.545 1.03112
3.546 1.03305
3.547 1.03358
3.548 1.03273
3.549 1.03059
3.55 1.02731
3.551 1.02305
3.552 1.01802
3.553 1.01244
3.554 1.00656
3.555 1.00062
3.556 0.99485
3.557 0.989482
3.558 0.984712
3.559 0.980709
3.56 0.977606
3.561 0.975499
3.562 0.974439
3.563 0.974438
3.564 0.975463
3.565 0.977444
3.566 0.980274
3.567 0.983818
3.568 0.987914
3.569 0.992385
3.57 0.997043
3.571 1.0017
3.572 1.00617
3.573 1.01027
3.574 1.01386
3.575 1.01681
3.576 1.01901
3.577 1.0204
3.578 1.02094
3.579 1.02062
3.58 1.01948
3.581 1.01759
3.582 1.01503
3.583 1.01193
3.584 1.00841
3.585 1.00463
3.586 1.00075
3.587 0.996909
3.588 0.993275
3.589 0.989983
3.59 0.987158
3.591 0.984903
3.592 0.983298
3.593 0.982393
3.594 0.982211
3.595 0.982747
3.596 0.983965
3.597 0.985804
3.598 0.988181
3.599 0.99099
3.6 0.994113
3.601 0.997418
3.602 1.00077
3.603 1.00404
3.604 1.00709
3.605 1.00981
3.606 1.01209
3.607 1.01384
3.608 1.01502
3.609 1.01558
3.61 1.0155
3.611 1.0148
3.612 1.01351
3.613 1.01171
3.614 1.00946
3.615 1.00686
3.616 1.00402
3.617 1.00106
3.618 0.998103
3.619 0.995258
3.62 0.992642
3.621 0.990356
3.622 0.988487
3.623 0.987105
3.624 0.986258
3.625 0.985973
3.626 0.986255
3.627 0.987086
3.628 0.988425
3.629 0.990213
3.63 0.992373
3.631 0.994814
3.632 0.997435
3.633 1.00013
3.634 1.00279
3.635 1.0053
3.636 1.00758
3.637 1.00953
3.638 1.01107
3.639 1.01215
3.64 1.01274
3.641 1.0128
3.642 1.01235
3.643 1.01141
3.644 1.01002
3.645 1.00824
3.646 1.00615
3.647 1.00383
3.648 1.00137
3.649 0.998889
3.65 0.996471
3.651 0.994218
3.652 0.992217
3.653 0.990546
3.654 0.98927
3.655 0.988436
3.656 0.988074
3.657 0.988194
3.658 0.988788
3.659 0.989828
3.66 0.991268
3.661 0.993048
3.662 0.995094
3.663 0.997321
3.664 0.999639
3.665 1.00195
3.666 1.00417
3.667 1.00621
3.668 1.00798
3.669 1.00942
3.67 1.01047
3.671 1.01109
3.672 1.01126
3.673 1.01098
3.674 1.01025
3.675 1.00912
3.676 1.00763
3.677 1.00584
3.678 1.00383
3.679 1.00168
3.68 0.999471
3.681 0.997297
3.682 0.995244
3.683 0.993394
3.684 0.991821
3.685 0.990585
3.686 0.989735
3.687 0.989302
3.688 0.989302
3.689 0.989732
3.69 0.990573
3.691 0.99179
3.692 0.993331
3.693 0.995133
3.694 0.997123
3.695 0.999219
3.696 1.00134
3.697 1.00339
3.698 1.0053
3.699 1.00699
3.7 1.00839
3.701 1.00945
3.702 1.01012
3.703 1.01038
3.704 1.01022
3.705 1.00965
3.706 1.0087
3.707 1.0074
3.708 1.0058
3.709 1.00398
3.71 1.002
3.711 0.999951
3.712 0.997908
3.713 0.995955
3.714 0.994171
3.715 0.992626
3.716 0.991383
3.717 0.990491
3.718 0.989984
3.719 0.989881
3.72 0.990187
3.721 0.990887
3.722 0.991953
3.723 0.99334
3.724 0.994993
3.725 0.996844
3.726 0.998818
3.727 1.00084
3.728 1.00282
3.729 1.00468
3.73 1.00635
3.731 1.00777
3.732 1.00887
3.733 1.00961
3.734 1.00996
3.735 1.00991
3.736 1.00946
3.737 1.00863
3.738 1.00745
3.739 1.00597
3.74 1.00426
3.741 1.00237
3.742 1.00039
3.743 0.998396
3.744 0.996467
3.745 0.994681
3.746 0.99311
3.747 0.991818
3.748 0.990856
3.749 0.990263
3.75 0.990062
3.751 0.990263
3.752 0.990856
3.753 0.991818
3.754 0.99311
3.755 0.994681
3.756 0.996467
3.757 0.998396
3.758 1.00039
3.759 1.00237
3.76 1.00426
3.761 1.00597
3.762 1.00745
3.763 1.00863
3.764 1.00946
3.765 1.00991
3.766 1.00996
3.767 1.00961
3.768 1.00887
3.769 1.00777
3.77 1.00635
3.771 1.00468
3.772 1.00282
3.773 1.00084
3.774 0.998818
3.775 0.996844
3.776 0.994993
3.777 0.99334
3.778 0.991953
3.779 0.990887
3.78 0.990187
3.781 0.989881
3.782 0.989984
3.783 0.990491
3.784 0.991383
3.785 0.992626
3.786 0.994171
3.787 0.995955
3.788 0.997908
3.789 0.999951
3.79 1.002
3.791 1.00398
3.792 1.0058
3.793 1.0074
3.794 1.0087
3.795 1.00965
3.796 1.01022
3.797 1.01038
3.798 1.01012
3.799 1.00945
3.8 1.00839
3.801 1.00699
3.802 1.0053
3.803 1.00339
3.804 1.00134
3.805 0.999219
3.806 0.997123
3.807 0.995133
3.808 0.993331
3.809 0.99179
3.81 0.990573
3.811 0.989732
3.812 0.989302
3.813 0.989302
3.814 0.989735
3.815 0.990585
3.816 0.991821
3.817 0.993394
3.818 0.995244
3.819 0.997297
3.82 0.999471
3.821 1.00168
3.822 1.00383
3.823 1.00584
3.824 1.00763
3.825 1.00912
3.826 1.01025
3.827 1.01098
3.828 1.01126
3.829 1.01109
3.83 1.01047
3.831 1.00942
3.832 1.00798
3.833 1.00621
3.834 1.00417
3.835 1.00195
3.836 0.999639
3.837 0.997321
3.838 0.995094
3.839 0.993048
3.84 0.991268
3.841 0.989828
3.842 0.988788
3.843 0.988194
3.844 0.988074
3.845 0.988436
3.846 0.98927
3.847 0.990546
3.848 0.992217
3.849 0.994218
3.85 0.996471
3.851 0.998889
3.852 1.00137
3.853 1.00383
3.854 1.00615
3.855 1.00824
3.856 1.01002
3.857 1.01141
3.858 1.01235
3.859 1.0128
3.86 1.01274
3.861 1.01215
3.862 1.01107
3.863 1.00953
3.864 1.00758
3.865 1.0053
3.866 1.00279
3.867 1.00013
3.868 0.997435
3.869 0.994814
3.87 0.992373
3.871 0.990213
3.872 0.988425
3.873 0.987086
3.874 0.986255
3.875 0.985973
3.876 0.986258
3.877 0.987105
3.878 0.988487
3.879 0.990356
3.88 0.992642
3.881 0.995258
3.882 0.998103
3.883 1.00106
3.884 1.00402
3.885 1.00686
3.886 1.00946
3.887 1.01171
3.888 1.01351
3.889 1.0148
3.89 1.0155
3.891 1.01558
3.892 1.01502
3.893 1.01384
3.894 1.01209
3.895 1.00981
3.896 1.00709
3.897 1.00404
3.898 1.00077
3.899 0.997418
3.9 0.994113
3.901 0.99099
3.902 0.988181
3.903 0.985804
3.904 0.983965
3.905 0.982747
3.906 0.982211
3.907 0.982393
3.908 0.983298
3.909 0.984903
3.91 0.987158
3.911 0.989983
3.912 0.993275
3.913 0.996909
3.914 1.00075
3.915 1.00463
3.916 1.00841
3.917 1.01193
3.918 1.01503
3.919 1.01759
3.92 1.01948
3.921 1.02062
3.922 1.02094
3.923 1.0204
3.924 1.01901
3.925 1.01681
3.926 1.01386
3.927 1.01027
3.928 1.00617
3.929 1.0017
3.93 0.997043
3.931 0.992385
3.932 0.987914
3.933 0.983818
3.934 0.980274
3.935 0.977444
3.936 0.975463
3.937 0.974438
3.938 0.974439
3.939 0.975499
3.94 0.977606
3.941 0.980709
3.942 0.984712
3.943 0.989482
3.944 0.99485
3.945 1.00062
3.946 1.00656
3.947 1.01244
3.948 1.01802
3.949 1.02305
3.95 1.02731
3.951 1.03059
3.952 1.03273
3.953 1.03358
3.954 1.03305
3.955 1.03112
3.956 1.02779
3.957 1.02314
3.958 1.01731
3.959 1.01048
3.96 1.00287
3.961 0.994774
3.962 0.986493
3.963 0.978359
3.964 0.970718
3.965 0.963912
3.966 0.958272
3.967 0.954098
3.968 0.951655
3.969 0.95115
3.97 0.95273
3.971 0.95647
3.972 0.962363
3.973 0.970319
3.974 0.980159
3.975 0.991618
3.976 1.00435
3.977 1.01792
3.978 1.03184
3.979 1.04555
3.98 1.05846
3.981 1.06993
3.982 1.07933
3.983 1.08601
3.984 1.08937
3.985 1.08883
3.986 1.08388
3.987 1.07409
3.988 1.05909
3.989 1.03865
3.99 1.01264
3.991 0.981029
3.992 0.943929
3.993 0.901571
3.994 0.854302
3.995 0.802584
3.996 0.746986
3.997 0.688165
3.998 0.626857
3.999 0.563857
4 0.5
