0 0.5
0.001 0.468018
0.002 0.436143
0.003 0.404482
0.004 0.37314
0.005 0.34222
0.006 0.311824
0.007 0.282049
0.008 0.252989
0.009 0.224734
0.01 0.197368
0.011 0.170972
0.012 0.14562
0.013 0.121379
0.014 0.0983113
0.015 0.0764709
0.016 0.0559056
0.017 0.0366556
0.018 0.0187536
0.019 0.00222491
0.02 -0.0129131
0.021 -0.0266506
0.022 -0.0389854
0.023 -0.0499228
0.024 -0.0594758
0.025 -0.0676643
0.026 -0.0745155
0.027 -0.0800631
0.028 -0.0843473
0.029 -0.0874144
0.03 -0.0893161
0.031 -0.0901097
0.032 -0.0898568
0.033 -0.0886236
0.034 -0.0864799
0.035 -0.0834986
0.036 -0.0797553
0.037 -0.0753279
0.038 -0.0702955
0.039 -0.0647384
0.04 -0.058737
0.041 -0.0523719
0.042 -0.0457227
0.043 -0.0388679
0.044 -0.031884
0.045 -0.0248455
0.046 -0.017824
0.047 -0.0108879
0.048 -0.00410202
0.049 0.00247265
0.05 0.0087796
0.051 0.0147669
0.052 0.0203873
0.053 0.025599
0.054 0.0303652
0.055 0.0346545
0.056 0.038441
0.057 0.0417044
0.058 0.0444298
0.059 0.0466079
0.06 0.0482347
0.061 0.0493114
0.062 0.0498445
0.063 0.0498452
0.064 0.0493293
0.065 0.0483173
0.066 0.0468333
0.067 0.0449057
0.068 0.0425657
0.069 0.0398481
0.07 0.0367899
0.071 0.0334305
0.072 0.0298113
0.073 0.0259747
0.074 0.0219645
0.075 0.0178247
0.076 0.0135997
0.077 0.00933352
0.078 0.00506957
0.079 0.000850177
0.08 -0.00328374
0.081 -0.00729302
0.082 -0.0111406
0.083 -0.0147917
0.084 -0.0182144
0.085 -0.0213795
0.086 -0.0242609
0.087 -0.0268359
0.088 -0.0290851
0.089 -0.0309928
0.09 -0.0325469
0.091 -0.0337387
0.092 -0.0345635
0.093 -0.0350202
0.094 -0.0351111
0.095 -0.0348423
0.096 -0.0342229
0.097 -0.0332656
0.098 -0.0319859
0.099 -0.0304024
0.1 -0.0285361
0.101 -0.0264106
0.102 -0.0240514
0.103 -0.0214861
0.104 -0.0187435
0.105 -0.015854
0.106 -0.0128489
0.107 -0.00975985
0.108 -0.00661909
0.109 -0.00345876
0.11 -0.000310708
0.111 0.00279383
0.112 0.00582451
0.113 0.00875217
0.114 0.0115491
0.115 0.0141892
0.116 0.0166484
0.117 0.0189046
0.118 0.0209381
0.119 0.0227318
0.12 0.0242708
0.121 0.0255433
0.122 0.02654
0.123 0.0272545
0.124 0.0276835
0.125 0.0278261
0.126 0.0276847
0.127 0.027264
0.128 0.0265718
0.129 0.0256183
0.13 0.0244161
0.131 0.0229802
0.132 0.0213276
0.133 0.0194774
0.134 0.0174504
0.135 0.0152687
0.136 0.012956
0.137 0.0105368
0.138 0.00803642
0.139 0.00548079
0.14 0.00289606
0.141 0.000308391
0.142 -0.00225629
0.143 -0.00477256
0.144 -0.00721571
0.145 -0.00956201
0.146 -0.0117889
0.147 -0.0138753
0.148 -0.0158016
0.149 -0.01755
0.15 -0.0191048
0.151 -0.020452
0.152 -0.02158
0.153 -0.0224796
0.154 -0.0231438
0.155 -0.0235678
0.156 -0.0237496
0.157 -0.0236893
0.158 -0.0233896
0.159 -0.0228555
0.16 -0.0220941
0.161 -0.021115
0.162 -0.0199296
0.163 -0.0185515
0.164 -0.016996
0.165 -0.0152799
0.166 -0.0134216
0.167 -0.0114409
0.168 -0.00935847
0.169 -0.0071959
0.17 -0.00497544
0.171 -0.00271974
0.172 -0.000451665
0.173 0.00180597
0.174 0.0040306
0.175 0.00620014
0.176 0.00829319
0.177 0.0102892
0.178 0.0121689
0.179 0.013914
0.18 0.0155079
0.181 0.0169355
0.182 0.0181834
0.183 0.0192401
0.184 0.0200963
0.185 0.0207442
0.186 0.0211787
0.187 0.0213965
0.188 0.0213966
0.189 0.02118
0.19 0.0207501
0.191 0.0201122
0.192 0.0192739
0.193 0.0182443
0.194 0.0170349
0.195 0.0156585
0.196 0.0141298
0.197 0.0124647
0.198 0.0106806
0.199 0.00879582
0.2 0.00682982
0.201 0.00480261
0.202 0.0027348
0.203 0.000647307
0.204 -0.00143884
0.205 -0.00350271
0.206 -0.00552365
0.207 -0.00748152
0.208 -0.0093569
0.209 -0.0111312
0.21 -0.012787
0.211 -0.0143081
0.212 -0.0156795
0.213 -0.016888
0.214 -0.0179219
0.215 -0.0187713
0.216 -0.0194284
0.217 -0.0198869
0.218 -0.0201428
0.219 -0.020194
0.22 -0.0200406
0.221 -0.0196847
0.222 -0.0191301
0.223 -0.0183831
0.224 -0.0174514
0.225 -0.016345
0.226 -0.0150751
0.227 -0.0136549
0.228 -0.0120991
0.229 -0.0104233
0.23 -0.00864473
0.231 -0.00678139
0.232 -0.00485213
0.233 -0.00287645
0.234 -0.000874272
0.235 0.00113425
0.236 0.00312891
0.237 0.00508968
0.238 0.00699688
0.239 0.00883138
0.24 0.0105748
0.241 0.0122097
0.242 0.0137198
0.243 0.0150898
0.244 0.0163062
0.245 0.0173567
0.246 0.0182309
0.247 0.0189201
0.248 0.0194173
0.249 0.0197177
0.25 0.0198181
0.251 0.0197177
0.252 0.0194173
0.253 0.0189201
0.254 0.0182309
0.255 0.0173567
0.256 0.0163062
0.257 0.0150898
0.258 0.0137198
0.259 0.0122097
0.26 0.0105748
0.261 0.00883138
0.262 0.00699688
0.263 0.00508968
0.264 0.00312891
0.265 0.00113425
0.266 -0.000874272
0.267 -0.00287645
0.268 -0.00485213
0.269 -0.00678139
0.27 -0.00864473
0.271 -0.0104233
0.272 -0.0120991
0.273 -0.0136549
0.274 -0.0150751
0.275 -0.016345
0.276 -0.0174514
0.277 -0.0183831
0.278 -0.0191301
0.279 -0.0196847
0.28 -0.0200406
0.281 -0.020194
0.282 -0.0201428
0.283 -0.0198869
0.284 -0.0194284
0.285 -0.0187713
0.286 -0.0179219
0.287 -0.016888
0.288 -0.0156795
0.289 -0.0143081
0.29 -0.012787
0.291 -0.0111312
0.292 -0.0093569
0.293 -0.00748152
0.294 -0.00552365
0.295 -0.00350271
0.296 -0.00143884
0.297 0.000647307
0.298 0.0027348
0.299 0.00480261
0.3 0.00682982
0.301 0.00879582
0.302 0.0106806
0.303 0.0124647
0.304 0.0141298
0.305 0.0156585
0.306 0.0170349
0.307 0.0182443
0.308 0.0192739
0.309 0.0201122
0.31 0.0207501
0.311 0.02118
0.312 0.0213966
0.313 0.0213965
0.314 0.0211787
0.315 0.0207442
0.316 0.0200963
0.317 0.0192401
0.318 0.0181834
0.319 0.0169355
0.32 0.0155079
0.321 0.013914
0.322 0.0121689
0.323 0.0102892
0.324 0.00829319
0.325 0.00620014
0.326 0.0040306
0.327 0.00180597
0.328 -0.000451665
0.329 -0.00271974
0.33 -0.00497544
0.331 -0.0071959
0.332 -0.00935847
0.333 -0.0114409
0.334 -0.0134216
0.335 -0.0152799
0.336 -0.016996
0.337 -0.0185515
0.338 -0.0199296
0.339 -0.021115
0.34 -0.0220941
0.341 -0.0228555
0.342 -0.0233896
0.343 -0.0236893
0.344 -0.0237496
0.345 -0.0235678
0.346 -0.0231438
0.347 -0.0224796
0.348 -0.02158
0.349 -0.020452
0.35 -0.0191048
0.351 -0.01755
0.352 -0.0158016
0.353 -0.0138753
0.354 -0.0117889
0.355 -0.00956201
0.356 -0.00721571
0.357 -0.00477256
0.358 -0.00225629
0.359 0.000308391
0.36 0.00289606
0.361 0.00548079
0.362 0.00803642
0.363 0.0105368
0.364 0.012956
0.365 0.0152687
0.366 0.0174504
0.367 0.0194774
0.368 0.0213276
0.369 0.0229802
0.37 0.0244161
0.371 0.0256183
0.372 0.0265718
0.373 0.027264
0.374 0.0276847
0.375 0.0278261
0.376 0.0276835
0.377 0.0272545
0.378 0.02654
0.379 0.0255433
0.38 0.0242708
0.381 0.0227318
0.382 0.0209381
0.383 0.0189046
0.384 0.0166484
0.385 0.0141892
0.386 0.0115491
0.387 0.00875217
0.388 0.00582451
0.389 0.00279383
0.39 -0.000310708
0.391 -0.00345876
0.392 -0.00661909
0.393 -0.00975985
0.394 -0.0128489
0.395 -0.015854
0.396 -0.0187435
0.397 -0.0214861
0.398 -0.0240514
0.399 -0.0264106
0.4 -0.0285361
0.401 -0.0304024
0.402 -0.0319859
0.403 -0.0332656
0.404 -0.0342229
0.405 -0.0348423
0.406 -0.0351111
0.407 -0.0350202
0.408 -0.0345635
0.409 -0.0337387
0.41 -0.0325469
0.411 -0.0309928
0.412 -0.0290851
0.413 -0.0268359
0.414 -0.0242609
0.415 -0.0213795
0.416 -0.0182144
0.417 -0.0147917
0.418 -0.0111406
0.419 -0.00729302
0.42 -0.00328374
0.421 0.000850177
0.422 0.00506957
0.423 0.00933352
0.424 0.0135997
0.425 0.0178247
0.426 0.0219645
0.427 0.0259747
0.428 0.0298113
0.429 0.0334305
0.43 0.0367899
0.431 0.0398481
0.432 0.0425657
0.433 0.0449057
0.434 0.0468333
0.435 0.0483173
0.436 0.0493293
0.437 0.0498452
0.438 0.0498445
0.439 0.0493114
0.44 0.0482347
0.441 0.0466079
0.442 0.0444298
0.443 0.0417044
0.444 0.038441
0.445 0.0346545
0.446 0.0303652
0.447 0.025599
0.448 0.0203873
0.449 0.0147669
0.45 0.0087796
0.451 0.00247265
0.452 -0.00410202
0.453 -0.0108879
0.454 -0.017824
0.455 -0.0248455
0.456 -0.031884
0.457 -0.0388679
0.458 -0.0457227
0.459 -0.0523719
0.46 -0.058737
0.461 -0.0647384
0.462 -0.0702955
0.463 -0.0753279
0.464 -0.0797553
0.465 -0.0834986
0.466 -0.0864799
0.467 -0.0886236
0.468 -0.0898568
0.469 -0.0901097
0.47 -0.0893161
0.471 -0.0874144
0.472 -0.0843473
0.473 -0.0800631
0.474 -0.0745155
0.475 -0.0676643
0.476 -0.0594758
0.477 -0.0499228
0.478 -0.0389854
0.479 -0.0266506
0.48 -0.0129131
0.481 0.00222491
0.482 0.0187536
0.483 0.0366556
0.484 0.0559056
0.485 0.0764709
0.486 0.0983113
0.487 0.121379
0.488 0.14562
0.489 0.170972
0.49 0.197368
0.491 0.224734
0.492 0.252989
0.493 0.282049
0.494 0.311824
0.495 0.34222
0.496 0.37314
0.497 0.404482
0.498 0.436143
0.499 0.468018
0.5 0.5
0.501 0.531982
0.502 0.563857
0.503 0.595518
0.504 0.62686
0.505 0.65778
0.506 0.688176
0.507 0.717951
0.508 0.747011
0.509 0.775266
0.51 0.802632
0.511 0.829028
0.512 0.85438
0.513 0.878621
0.514 0.901689
0.515 0.923529
0.516 0.944094
0.517 0.963344
0.518 0.981246
0.519 0.997775
0.52 1.01291
0.521 1.02665
0.522 1.03899
0.523 1.04992
0.524 1.05948
0.525 1.06766
0.526 1.07452
0.527 1.08006
0.528 1.08435
0.529 1.08741
0.53 1.08932
0.531 1.09011
0.532 1.08986
0.533 1.08862
0.534 1.08648
0.535 1.0835
0.536 1.07976
0.537 1.07533
0.538 1.0703
0.539 1.06474
0.54 1.05874
0.541 1.05237
0.542 1.04572
0.543 1.03887
0.544 1.03188
0.545 1.02485
0.546 1.01782
0.547 1.01089
0.548 1.0041
0.549 0.997527
0.55 0.99122
0.551 0.985233
0.552 0.979613
0.553 0.974401
0.554 0.969635
0.555 0.965346
0.556 0.961559
0.557 0.958296
0.558 0.95557
0.559 0.953392
0.56 0.951765
0.561 0.950689
0.562 0.950155
0.563 0.950155
0.564 0.950671
0.565 0.951683
0.566 0.953167
0.567 0.955094
0.568 0.957434
0.569 0.960152
0.57 0.96321
0.571 0.966569
0.572 0.970189
0.573 0.974025
0.574 0.978036
0.575 0.982175
0.576 0.9864
0.577 0.990666
0.578 0.99493
0.579 0.99915
0.58 1.00328
0.581 1.00729
0.582 1.01114
0.583 1.01479
0.584 1.01821
0.585 1.02138
0.586 1.02426
0.587 1.02684
0.588 1.02909
0.589 1.03099
0.59 1.03255
0.591 1.03374
0.592 1.03456
0.593 1.03502
0.594 1.03511
0.595 1.03484
0.596 1.03422
0.597 1.03327
0.598 1.03199
0.599 1.0304
0.6 1.02854
0.601 1.02641
0.602 1.02405
0.603 1.02149
0.604 1.01874
0.605 1.01585
0.606 1.01285
0.607 1.00976
0.608 1.00662
0.609 1.00346
0.61 1.00031
0.611 0.997206
0.612 0.994175
0.613 0.991248
0.614 0.988451
0.615 0.985811
0.616 0.983352
0.617 0.981095
0.618 0.979062
0.619 0.977268
0.62 0.975729
0.621 0.974457
0.622 0.97346
0.623 0.972745
0.624 0.972317
0.625 0.972174
0.626 0.972315
0.627 0.972736
0.628 0.973428
0.629 0.974382
0.63 0.975584
0.631 0.97702
0.632 0.978672
0.633 0.980523
0.634 0.98255
0.635 0.984731
0.636 0.987044
0.637 0.989463
0.638 0.991964
0.639 0.994519
0.64 0.997104
0.641 0.999692
0.642 1.00226
0.643 1.00477
0.644 1.00722
0.645 1.00956
0.646 1.01179
0.647 1.01388
0.648 1.0158
0.649 1.01755
0.65 1.0191
0.651 1.02045
0.652 1.02158
0.653 1.02248
0.654 1.02314
0.655 1.02357
0.656 1.02375
0.657 1.02369
0.658 1.02339
0.659 1.02286
0.66 1.02209
0.661 1.02111
0.662 1.01993
0.663 1.01855
0.664 1.017
0.665 1.01528
0.666 1.01342
0.667 1.01144
0.668 1.00936
0.669 1.0072
0.67 1.00498
0.671 1.00272
0.672 1.00045
0.673 0.998194
0.674 0.995969
0.675 0.9938
0.676 0.991707
0.677 0.989711
0.678 0.987831
0.679 0.986086
0.68 0.984492
0.681 0.983065
0.682 0.981817
0.683 0.98076
0.684 0.979904
0.685 0.979256
0.686 0.978821
0.687 0.978603
0.688 0.978603
0.689 0.97882
0.69 0.97925
0.691 0.979888
0.692 0.980726
0.693 0.981756
0.694 0.982965
0.695 0.984341
0.696 0.98587
0.697 0.987535
0.698 0.989319
0.699 0.991204
0.7 0.99317
0.701 0.995197
0.702 0.997265
0.703 0.999353
0.704 1.00144
0.705 1.0035
0.706 1.00552
0.707 1.00748
0.708 1.00936
0.709 1.01113
0.71 1.01279
0.711 1.01431
0.712 1.01568
0.713 1.01689
0.714 1.01792
0.715 1.01877
0.716 1.01943
0.717 1.01989
0.718 1.02014
0.719 1.02019
0.72 1.02004
0.721 1.01968
0.722 1.01913
0.723 1.01838
0.724 1.01745
0.725 1.01634
0.726 1.01508
0.727 1.01365
0.728 1.0121
0.729 1.01042
0.73 1.00864
0.731 1.00678
0.732 1.00485
0.733 1.00288
0.734 1.00087
0.735 0.998866
0.736 0.996871
0.737 0.99491
0.738 0.993003
0.739 0.991169
0.74 0.989425
0.741 0.98779
0.742 0.98628
0.743 0.98491
0.744 0.983694
0.745 0.982643
0.746 0.981769
0.747 0.98108
0.748 0.980583
0.749 0.980282
0.75 0.980182
0.751 0.980282
0.752 0.980583
0.753 0.98108
0.754 0.981769
0.755 0.982643
0.756 0.983694
0.757 0.98491
0.758 0.98628
0.759 0.98779
0.76 0.989425
0.761 0.991169
0.762 0.993003
0.763 0.99491
0.764 0.996871
0.765 0.998866
0.766 1.00087
0.767 1.00288
0.768 1.00485
0.769 1.00678
0.77 1.00864
0.771 1.01042
0.772 1.0121
0.773 1.01365
0.774 1.01508
0.775 1.01634
0.776 1.01745
0.777 1.01838
0.778 1.01913
0.779 1.01968
0.78 1.02004
0.781 1.02019
0.782 1.02014
0.783 1.01989
0.784 1.01943
0.785 1.01877
0.786 1.01792
0.787 1.01689
0.788 1.01568
0.789 1.01431
0.79 1.01279
0.791 1.01113
0.792 1.00936
0.793 1.00748
0.794 1.00552
0.795 1.0035
0.796 1.00144
0.797 0.999353
0.798 0.997265
0.799 0.995197
0.8 0.99317
0.801 0.991204
0.802 0.989319
0.803 0.987535
0.804 0.98587
0.805 0.984341
0.806 0.982965
0.807 0.981756
0.808 0.980726
0.809 0.979888
0.81 0.97925
0.811 0.97882
0.812 0.978603
0.813 0.978603
0.814 0.978821
0.815 0.979256
0.816 0.979904
0.817 0.98076
0.818 0.981817
0.819 0.983065
0.82 0.984492
0.821 0.986086
0.822 0.987831
0.823 0.989711
0.824 0.991707
0.825 0.9938
0.826 0.995969
0.827 0.998194
0.828 1.00045
0.829 1.00272
0.83 1.00498
0.831 1.0072
0.832 1.00936
0.833 1.01144
0.834 1.01342
0.835 1.01528
0.836 1.017
0.837 1.01855
0.838 1.01993
0.839 1.02111
0.84 1.02209
0.841 1.02286
0.842 1.02339
0.843 1.02369
0.844 1.02375
0.845 1.02357
0.846 1.02314
0.847 1.02248
0.848 1.02158
0.849 1.02045
0.85 1.0191
0.851 1.01755
0.852 1.0158
0.853 1.01388
0.854 1.01179
0.855 1.00956
0.856 1.00722
0.857 1.00477
0.858 1.00226
0.859 0.999692
0.86 0.997104
0.861 0.994519
0.862 0.991964
0.863 0.989463
0.864 0.987044
0.865 0.984731
0.866 0.98255
0.867 0.980523
0.868 0.978672
0.869 0.97702
0.87 0.975584
0.871 0.974382
0.872 0.973428
0.873 0.972736
0.874 0.972315
0.875 0.972174
0.876 0.972317
0.877 0.972745
0.878 0.97346
0.879 0.974457
0.88 0.975729
0.881 0.977268
0.882 0.979062
0.883 0.981095
0.884 0.983352
0.885 0.985811
0.886 0.988451
0.887 0.991248
0.888 0.994175
0.889 0.997206
0.89 1.00031
0.891 1.00346
0.892 1.00662
0.893 1.00976
0.894 1.01285
0.895 1.01585
0.896 1.01874
0.897 1.02149
0.898 1.02405
0.899 1.02641
0.9 1.02854
0.901 1.0304
0.902 1.03199
0.903 1.03327
0.904 1.03422
0.905 1.03484
0.906 1.03511
0.907 1.03502
0.908 1.03456
0.909 1.03374
0.91 1.03255
0.911 1.03099
0.912 1.02909
0.913 1.02684
0.914 1.02426
0.915 1.02138
0.916 1.01821
0.917 1.01479
0.918 1.01114
0.919 1.00729
0.92 1.00328
0.921 0.99915
0.922 0.99493
0.923 0.990666
0.924 0.9864
0.925 0.982175
0.926 0.978036
0.927 0.974025
0.928 0.970189
0.929 0.966569
0.93 0.96321
0.931 0.960152
0.932 0.957434
0.933 0.955094
0.934 0.953167
0.935 0.951683
0.936 0.950671
0.937 0.950155
0.938 0.950155
0.939 0.950689
0.94 0.951765
0.941 0.953392
0.942 0.95557
0.943 0.958296
0.944 0.961559
0.945 0.965346
0.946 0.969635
0.947 0.974401
0.948 0.979613
0.949 0.985233
0.95 0.99122
0.951 0.997527
0.952 1.0041
0.953 1.01089
0.954 1.01782
0.955 1.02485
0.956 1.03188
0.957 1.03887
0.958 1.04572
0.959 1.05237
0.96 1.05874
0.961 1.06474
0.962 1.0703
0.963 1.07533
0.964 1.07976
0.965 1.0835
0.966 1.08648
0.967 1.08862
0.968 1.08986
0.969 1.09011
0.97 1.08932
0.971 1.08741
0.972 1.08435
0.973 1.08006
0.974 1.07452
0.975 1.06766
0.976 1.05948
0.977 1.04992
0.978 1.03899
0.979 1.02665
0.98 1.01291
0.981 0.997775
0.982 0.981246
0.983 0.963344
0.984 0.944094
0.985 0.923529
0.986 0.901689
0.987 0.878621
0.988 0.85438
0.989 0.829028
0.99 0.802632
0.991 0.775266
0.992 0.747011
0.993 0.717951
0.994 0.688176
0.995 0.65778
0.996 0.62686
0.997 0.595518
0.998 0.563857
0.999 0.531982
1 0.5
1.001 0.468018
1.002 0.436143
1.003 0.404482
1.004 0.37314
1.005 0.34222
1.006 0.311824
1.007 0.282049
1.008 0.252989
1.009 0.224734
1.01 0.197368
1.011 0.170972
1.012 0.14562
1.013 0.121379
1.014 0.0983113
1.015 0.0764709
1.016 0.0559056
1.017 0.0366556
1.018 0.0187536
1.019 0.00222491
1.02 -0.0129131
1.021 -0.0266506
1.022 -0.0389854
1.023 -0.0499228
1.024 -0.0594758
1.025 -0.0676643
1.026 -0.0745155
1.027 -0.0800631
1.028 -0.0843473
1.029 -0.0874144
1.03 -0.0893161
1.031 -0.0901097
1.032 -0.0898568
1.033 -0.0886236
1.034 -0.0864799
1.035 -0.0834986
1.036 -0.0797553
1.037 -0.0753279
1.038 -0.0702955
1.039 -0.0647384
1.04 -0.058737
1.041 -0.0523719
1.042 -0.0457227
1.043 -0.0388679
1.044 -0.031884
1.045 -0.0248455
1.046 -0.017824
1.047 -0.0108879
1.048 -0.00410202
1.049 0.00247265
1.05 0.0087796
1.051 0.0147669
1.052 0.0203873
1.053 0.025599
1.054 0.0303652
1.055 0.0346545
1.056 0.038441
1.057 0.0417044
1.058 0.0444298
1.059 0.0466079
1.06 0.0482347
1.061 0.0493114
1.062 0.0498445
1.063 0.0498452
1.064 0.0493293
1.065 0.0483173
1.066 0.0468333
1.067 0.0449057
1.068 0.0425657
1.069 0.0398481
1.07 0.0367899
1.071 0.0334305
1.072 0.0298113
1.073 0.0259747
1.074 0.0219645
1.075 0.0178247
1.076 0.0135997
1.077 0.00933352
1.078 0.00506957
1.079 0.000850177
1.08 -0.00328374
1.081 -0.00729302
1.082 -0.0111406
1.083 -0.0147917
1.084 -0.0182144
1.085 -0.0213795
1.086 -0.0242609
1.087 -0.0268359
1.088 -0.0290851
1.089 -0.0309928
1.09 -0.0325469
1.091 -0.0337387
1.092 -0.0345635
1.093 -0.0350202
1.094 -0.0351111
1.095 -0.0348423
1.096 -0.0342229
1.097 -0.0332656
1.098 -0.0319859
1.099 -0.0304024
1.1 -0.0285361
1.101 -0.0264106
1.102 -0.0240514
1.103 -0.0214861
1.104 -0.0187435
1.105 -0.015854
1.106 -0.0128489
1.107 -0.00975985
1.108 -0.00661909
1.109 -0.00345876
1.11 -0.000310708
1.111 0.00279383
1.112 0.00582451
1.113 0.00875217
1.114 0.0115491
1.115 0.0141892
1.116 0.0166484
1.117 0.0189046
1.118 0.0209381
1.119 0.0227318
1.12 0.0242708
1.121 0.0255433
1.122 0.02654
1.123 0.0272545
1.124 0.0276835
1.125 0.0278261
1.126 0.0276847
1.127 0.027264
1.128 0.0265718
1.129 0.0256183
1.13 0.0244161
1.131 0.0229802
1.132 0.0213276
1.133 0.0194774
1.134 0.0174504
1.135 0.0152687
1.136 0.012956
1.137 0.0105368
1.138 0.00803642
1.139 0.00548079
1.14 0.00289606
1.141 0.000308391
1.142 -0.00225629
1.143 -0.00477256
1.144 -0.00721571
1.145 -0.00956201
1.146 -0.0117889
1.147 -0.0138753
1.148 -0.0158016
1.149 -0.01755
1.15 -0.0191048
1.151 -0.020452
1.152 -0.02158
1.153 -0.0224796
1.154 -0.0231438
1.155 -0.0235678
1.156 -0.0237496
1.157 -0.0236893
1.158 -0.0233896
1.159 -0.0228555
1.16 -0.0220941
1.161 -0.021115
1.162 -0.0199296
1.163 -0.0185515
1.164 -0.016996
1.165 -0.0152799
1.166 -0.0134216
1.167 -0.0114409
1.168 -0.00935847
1.169 -0.0071959
1.17 -0.00497544
1.171 -0.00271974
1.172 -0.000451665
1.173 0.00180597
1.174 0.0040306
1.175 0.00620014
1.176 0.00829319
1.177 0.0102892
1.178 0.0121689
1.179 0.013914
1.18 0.0155079
1.181 0.0169355
1.182 0.0181834
1.183 0.0192401
1.184 0.0200963
1.185 0.0207442
1.186 0.0211787
1.187 0.0213965
1.188 0.0213966
1.189 0.02118
1.19 0.0207501
1.191 0.0201122
1.192 0.0192739
1.193 0.0182443
1.194 0.0170349
1.195 0.0156585
1.196 0.0141298
1.197 0.0124647
1.198 0.0106806
1.199 0.00879582
1.2 0.00682982
1.201 0.00480261
1.202 0.0027348
1.203 0.000647307
1.204 -0.00143884
1.205 -0.00350271
1.206 -0.00552365
1.207 -0.00748152
1.208 -0.0093569
1.209 -0.0111312
1.21 -0.012787
1.211 -0.0143081
1.212 -0.0156795
1.213 -0.016888
1.214 -0.0179219
1.215 -0.0187713
1.216 -0.0194284
1.217 -0.0198869
1.218 -0.0201428
1.219 -0.020194
1.22 -0.0200406
1.221 -0.0196847
1.222 -0.0191301
1.223 -0.0183831
1.224 -0.0174514
1.225 -0.016345
1.226 -0.0150751
1.227 -0.0136549
1.228 -0.0120991
1.229 -0.0104233
1.23 -0.00864473
1.231 -0.00678139
1.232 -0.00485213
1.233 -0.00287645
1.234 -0.000874272
1.235 0.00113425
1.236 0.00312891
1.237 0.00508968
1.238 0.00699688
1.239 0.00883138
1.24 0.0105748
1.241 0.0122097
1.242 0.0137198
1.243 0.0150898
1.244 0.0163062
1.245 0.0173567
1.246 0.0182309
1.247 0.0189201
1.248 0.0194173
1.249 0.0197177
1.25 0.0198181
1.251 0.0197177
1.252 0.0194173
1.253 0.0189201
1.254 0.0182309
1.255 0.0173567
1.256 0.0163062
1.257 0.0150898
1.258 0.0137198
1.259 0.0122097
1.26 0.0105748
1.261 0.00883138
1.262 0.00699688
1.263 0.00508968
1.264 0.00312891
1.265 0.00113425
1.266 -0.000874272
1.267 -0.00287645
1.268 -0.00485213
1.269 -0.00678139
1.27 -0.00864473
1.271 -0.0104233
1.272 -0.0120991
1.273 -0.0136549
1.274 -0.0150751
1.275 -0.016345
1.276 -0.0174514
1.277 -0.0183831
1.278 -0.0191301
1.279 -0.0196847
1.28 -0.0200406
1.281 -0.020194
1.282 -0.0201428
1.283 -0.0198869
1.284 -0.0194284
1.285 -0.0187713
1.286 -0.0179219
1.287 -0.016888
1.288 -0.0156795
1.289 -0.0143081
1.29 -0.012787
1.291 -0.0111312
1.292 -0.0093569
1.293 -0.00748152
1.294 -0.00552365
1.295 -0.00350271
1.296 -0.00143884
1.297 0.000647307
1.298 0.0027348
1.299 0.00480261
1.3 0.00682982
1.301 0.00879582
1.302 0.0106806
1.303 0.0124647
1.304 0.0141298
1.305 0.0156585
1.306 0.0170349
1.307 0.0182443
1.308 0.0192739
1.309 0.0201122
1.31 0.0207501
1.311 0.02118
1.312 0.0213966
1.313 0.0213965
1.314 0.0211787
1.315 0.0207442
1.316 0.0200963
1.317 0.0192401
1.318 0.0181834
1.319 0.0169355
1.32 0.0155079
1.321 0.013914
1.322 0.0121689
1.323 0.0102892
1.324 0.00829319
1.325 0.00620014
1.326 0.0040306
1.327 0.00180597
1.328 -0.000451665
1.329 -0.00271974
1.33 -0.00497544
1.331 -0.0071959
1.332 -0.00935847
1.333 -0.0114409
1.334 -0.0134216
1.335 -0.0152799
1.336 -0.016996
1.337 -0.0185515
1.338 -0.0199296
1.339 -0.021115
1.34 -0.0220941
1.341 -0.0228555
1.342 -0.0233896
1.343 -0.0236893
1.344 -0.0237496
1.345 -0.0235678
1.346 -0.0231438
1.347 -0.0224796
1.348 -0.02158
1.349 -0.020452
1.35 -0.0191048
1.351 -0.01755
1.352 -0.0158016
1.353 -0.0138753
1.354 -0.0117889
1.355 -0.00956201
1.356 -0.00721571
1.357 -0.00477256
1.358 -0.00225629
1.359 0.000308391
1.36 0.00289606
1.361 0.00548079
1.362 0.00803642
1.363 0.0105368
1.364 0.012956
1.365 0.0152687
1.366 0.0174504
1.367 0.0194774
1.368 0.0213276
1.369 0.0229802
1.37 0.0244161
1.371 0.0256183
1.372 0.0265718
1.373 0.027264
1.374 0.0276847
1.375 0.0278261
1.376 0.0276835
1.377 0.0272545
1.378 0.02654
1.379 0.0255433
1.38 0.0242708
1.381 0.0227318
1.382 0.0209381
1.383 0.0189046
1.384 0.0166484
1.385 0.0141892
1.386 0.0115491
1.387 0.00875217
1.388 0.00582451
1.389 0.00279383
1.39 -0.000310708
1.391 -0.00345876
1.392 -0.00661909
1.393 -0.00975985
1.394 -0.0128489
1.395 -0.015854
1.396 -0.0187435
1.397 -0.0214861
1.398 -0.0240514
1.399 -0.0264106
1.4 -0.0285361
1.401 -0.0304024
1.402 -0.0319859
1.403 -0.0332656
1.404 -0.0342229
1.405 -0.0348423
1.406 -0.0351111
1.407 -0.0350202
1.408 -0.0345635
1.409 -0.0337387
1.41 -0.0325469
1.411 -0.0309928
1.412 -0.0290851
1.413 -0.0268359
1.414 -0.0242609
1.415 -0.0213795
1.416 -0.0182144
1.417 -0.0147917
1.418 -0.0111406
1.419 -0.00729302
1.42 -0.00328374
1.421 0.000850177
1.422 0.00506957
1.423 0.00933352
1.424 0.0135997
1.425 0.0178247
1.426 0.0219645
1.427 0.0259747
1.428 0.0298113
1.429 0.0334305
1.43 0.0367899
1.431 0.0398481
1.432 0.0425657
1.433 0.0449057
1.434 0.0468333
1.435 0.0483173
1.436 0.0493293
1.437 0.0498452
1.438 0.0498445
1.439 0.0493114
1.44 0.0482347
1.441 0.0466079
1.442 0.0444298
1.443 0.0417044
1.444 0.038441
1.445 0.0346545
1.446 0.0303652
1.447 0.025599
1.448 0.0203873
1.449 0.0147669
1.45 0.0087796
1.451 0.00247265
1.452 -0.00410202
1.453 -0.0108879
1.454 -0.017824
1.455 -0.0248455
1.456 -0.031884
1.457 -0.0388679
1.458 -0.0457227
1.459 -0.0523719
1.46 -0.058737
1.461 -0.0647384
1.462 -0.0702955
1.463 -0.0753279
1.464 -0.0797553
1.465 -0.0834986
1.466 -0.0864799
1.467 -0.0886236
1.468 -0.0898568
1.469 -0.0901097
1.47 -0.0893161
1.471 -0.0874144
1.472 -0.0843473
1.473 -0.0800631
1.474 -0.0745155
1.475 -0.0676643
1.476 -0.0594758
1.477 -0.0499228
1.478 -0.0389854
1.479 -0.0266506
1.48 -0.0129131
1.481 0.00222491
1.482 0.0187536
1.483 0.0366556
1.484 0.0559056
1.485 0.0764709
1.486 0.0983113
1.487 0.121379
1.488 0.14562
1.489 0.170972
1.49 0.197368
1.491 0.224734
1.492 0.252989
1.493 0.282049
1.494 0.311824
1.495 0.34222
1.496 0.37314
1.497 0.404482
1.498 0.436143
1.499 0.468018
1.5 0.5
1.501 0.531982
1.502 0.563857
1.503 0.595518
1.504 0.62686
1.505 0.65778
1.506 0.688176
1.507 0.717951
1.508 0.747011
1.509 0.775266
1.51 0.802632
1.511 0.829028
1.512 0.85438
1.513 0.878621
1.514 0.901689
1.515 0.923529
1.516 0.944094
1.517 0.963344
1.518 0.981246
1.519 0.997775
1.52 1.01291
1.521 1.02665
1.522 1.03899
1.523 1.04992
1.524 1.05948
1.525 1.06766
1.526 1.07452
1.527 1.08006
1.528 1.08435
1.529 1.08741
1.53 1.08932
1.531 1.09011
1.532 1.08986
1.533 1.08862
1.534 1.08648
1.535 1.0835
1.536 1.07976
1.537 1.07533
1.538 1.0703
1.539 1.06474
1.54 1.05874
1.541 1.05237
1.542 1.04572
1.543 1.03887
1.544 1.03188
1.545 1.02485
1.546 1.01782
1.547 1.01089
1.548 1.0041
1.549 0.997527
1.55 0.99122
1.551 0.985233
1.552 0.979613
1.553 0.974401
1.554 0.969635
1.555 0.965346
1.556 0.961559
1.557 0.958296
1.558 0.95557
1.559 0.953392
1.56 0.951765
1.561 0.950689
1.562 0.950155
1.563 0.950155
1.564 0.950671
1.565 0.951683
1.566 0.953167
1.567 0.955094
1.568 0.957434
1.569 0.960152
1.57 0.96321
1.571 0.966569
1.572 0.970189
1.573 0.974025
1.574 0.978036
1.575 0.982175
1.576 0.9864
1.577 0.990666
1.578 0.99493
1.579 0.99915
1.58 1.00328
1.581 1.00729
1.582 1.01114
1.583 1.01479
1.584 1.01821
1.585 1.02138
1.586 1.02426
1.587 1.02684
1.588 1.02909
1.589 1.03099
1.59 1.03255
1.591 1.03374
1.592 1.03456
1.593 1.03502
1.594 1.03511
1.595 1.03484
1.596 1.03422
1.597 1.03327
1.598 1.03199
1.599 1.0304
1.6 1.02854
1.601 1.02641
1.602 1.02405
1.603 1.02149
1.604 1.01874
1.605 1.01585
1.606 1.01285
1.607 1.00976
1.608 1.00662
1.609 1.00346
1.61 1.00031
1.611 0.997206
1.612 0.994175
1.613 0.991248
1.614 0.988451
1.615 0.985811
1.616 0.983352
1.617 0.981095
1.618 0.979062
1.619 0.977268
1.62 0.975729
1.621 0.974457
1.622 0.97346
1.623 0.972745
1.624 0.972317
1.625 0.972174
1.626 0.972315
1.627 0.972736
1.628 0.973428
1.629 0.974382
1.63 0.975584
1.631 0.97702
1.632 0.978672
1.633 0.980523
1.634 0.98255
1.635 0.984731
1.636 0.987044
1.637 0.989463
1.638 0.991964
1.639 0.994519
1.64 0.997104
1.641 0.999692
1.642 1.00226
1.643 1.00477
1.644 1.00722
1.645 1.00956
1.646 1.01179
1.647 1.01388
1.648 1.0158
1.649 1.01755
1.65 1.0191
1.651 1.02045
1.652 1.02158
1.653 1.02248
1.654 1.02314
1.655 1.02357
1.656 1.02375
1.657 1.02369
1.658 1.02339
1.659 1.02286
1.66 1.02209
1.661 1.02111
1.662 1.01993
1.663 1.01855
1.664 1.017
1.665 1.01528
1.666 1.01342
1.667 1.01144
1.668 1.00936
1.669 1.0072
1.67 1.00498
1.671 1.00272
1.672 1.00045
1.673 0.998194
1.674 0.995969
1.675 0.9938
1.676 0.991707
1.677 0.989711
1.678 0.987831
1.679 0.986086
1.68 0.984492
1.681 0.983065
1.682 0.981817
1.683 0.98076
1.684 0.979904
1.685 0.979256
1.686 0.978821
1.687 0.978603
1.688 0.978603
1.689 0.97882
1.69 0.97925
1.691 0.979888
1.692 0.980726
1.693 0.981756
1.694 0.982965
1.695 0.984341
1.696 0.98587
1.697 0.987535
1.698 0.989319
1.699 0.991204
1.7 0.99317
1.701 0.995197
1.702 0.997265
1.703 0.999353
1.704 1.00144
1.705 1.0035
1.706 1.00552
1.707 1.00748
1.708 1.00936
1.709 1.01113
1.71 1.01279
1.711 1.01431
1.712 1.01568
1.713 1.01689
1.714 1.01792
1.715 1.01877
1.716 1.01943
1.717 1.01989
1.718 1.02014
1.719 1.02019
1.72 1.02004
1.721 1.01968
1.722 1.01913
1.723 1.01838
1.724 1.01745
1.725 1.01634
1.726 1.01508
1.727 1.01365
1.728 1.0121
1.729 1.01042
1.73 1.00864
1.731 1.00678
1.732 1.00485
1.733 1.00288
1.734 1.00087
1.735 0.998866
1.736 0.996871
1.737 0.99491
1.738 0.993003
1.739 0.991169
1.74 0.989425
1.741 0.98779
1.742 0.98628
1.743 0.98491
1.744 0.983694
1.745 0.982643
1.746 0.981769
1.747 0.98108
1.748 0.980583
1.749 0.980282
1.75 0.980182
1.751 0.980282
1.752 0.980583
1.753 0.98108
1.754 0.981769
1.755 0.982643
1.756 0.983694
1.757 0.98491
1.758 0.98628
1.759 0.98779
1.76 0.989425
1.761 0.991169
1.762 0.993003
1.763 0.99491
1.764 0.996871
1.765 0.998866
1.766 1.00087
1.767 1.00288
1.768 1.00485
1.769 1.00678
1.77 1.00864
1.771 1.01042
1.772 1.0121
1.773 1.01365
1.774 1.01508
1.775 1.01634
1.776 1.01745
1.777 1.01838
1.778 1.01913
1.779 1.01968
1.78 1.02004
1.781 1.02019
1.782 1.02014
1.783 1.01989
1.784 1.01943
1.785 1.01877
1.786 1.01792
1.787 1.01689
1.788 1.01568
1.789 1.01431
1.79 1.01279
1.791 1.01113
1.792 1.00936
1.793 1.00748
1.794 1.00552
1.795 1.0035
1.796 1.00144
1.797 0.999353
1.798 0.997265
1.799 0.995197
1.8 0.99317
1.801 0.991204
1.802 0.989319
1.803 0.987535
1.804 0.98587
1.805 0.984341
1.806 0.982965
1.807 0.981756
1.808 0.980726
1.809 0.979888
1.81 0.97925
1.811 0.97882
1.812 0.978603
1.813 0.978603
1.814 0.978821
1.815 0.979256
1.816 0.979904
1.817 0.98076
1.818 0.981817
1.819 0.983065
1.82 0.984492
1.821 0.986086
1.822 0.987831
1.823 0.989711
1.824 0.991707
1.825 0.9938
1.826 0.995969
1.827 0.998194
1.828 1.00045
1.829 1.00272
1.83 1.00498
1.831 1.0072
1.832 1.00936
1.833 1.01144
1.834 1.01342
1.835 1.01528
1.836 1.017
1.837 1.01855
1.838 1.01993
1.839 1.02111
1.84 1.02209
1.841 1.02286
1.842 1.02339
1.843 1.02369
1.844 1.02375
1.845 1.02357
1.846 1.02314
1.847 1.02248
1.848 1.02158
1.849 1.02045
1.85 1.0191
1.851 1.01755
1.852 1.0158
1.853 1.01388
1.854 1.01179
1.855 1.00956
1.856 1.00722
1.857 1.00477
1.858 1.00226
1.859 0.999692
1.86 0.997104
1.861 0.994519
1.862 0.991964
1.863 0.989463
1.864 0.987044
1.865 0.984731
1.866 0.98255
1.867 0.980523
1.868 0.978672
1.869 0.97702
1.87 0.975584
1.871 0.974382
1.872 0.973428
1.873 0.972736
1.874 0.972315
1.875 0.972174
1.876 0.972317
1.877 0.972745
1.878 0.97346
1.879 0.974457
1.88 0.975729
1.881 0.977268
1.882 0.979062
1.883 0.981095
1.884 0.983352
1.885 0.985811
1.886 0.988451
1.887 0.991248
1.888 0.994175
1.889 0.997206
1.89 1.00031
1.891 1.00346
1.892 1.00662
1.893 1.00976
1.894 1.01285
1.895 1.01585
1.896 1.01874
1.897 1.02149
1.898 1.02405
1.899 1.02641
1.9 1.02854
1.901 1.0304
1.902 1.03199
1.903 1.03327
1.904 1.03422
1.905 1.03484
1.906 1.03511
1.907 1.03502
1.908 1.03456
1.909 1.03374
1.91 1.03255
1.911 1.03099
1.912 1.02909
1.913 1.02684
1.914 1.02426
1.915 1.02138
1.916 1.01821
1.917 1.01479
1.918 1.01114
1.919 1.00729
1.92 1.00328
1.921 0.99915
1.922 0.99493
1.923 0.990666
1.924 0.9864
1.925 0.982175
1.926 0.978036
1.927 0.974025
1.928 0.970189
1.929 0.966569
1.93 0.96321
1.931 0.960152
1.932 0.957434
1.933 0.955094
1.934 0.953167
1.935 0.951683
1.936 0.950671
1.937 0.950155
1.938 0.950155
1.939 0.950689
1.94 0.951765
1.941 0.953392
1.942 0.95557
1.943 0.958296
1.944 0.961559
1.945 0.965346
1.946 0.969635
1.947 0.974401
1.948 0.979613
1.949 0.985233
1.95 0.99122
1.951 0.997527
1.952 1.0041
1.953 1.01089
1.954 1.01782
1.955 1.02485
1.956 1.03188
1.957 1.03887
1.958 1.04572
1.959 1.05237
1.96 1.05874
1.961 1.06474
1.962 1.0703
1.963 1.07533
1.964 1.07976
1.965 1.0835
1.966 1.08648
1.967 1.08862
1.968 1.08986
1.969 1.09011
1.97 1.08932
1.971 1.08741
1.972 1.08435
1.973 1.08006
1.974 1.07452
1.975 1.06766
1.976 1.05948
1.977 1.04992
1.978 1.03899
1.979 1.02665
1.98 1.01291
1.981 0.997775
1.982 0.981246
1.983 0.963344
1.984 0.944094
1.985 0.923529
1.986 0.901689
1.987 0.878621
1.988 0.85438
1.989 0.829028
1.99 0.802632
1.991 0.775266
1.992 0.747011
1.993 0.717951
1.994 0.688176
1.995 0.65778
1.996 0.62686
1.997 0.595518
1.998 0.563857
1.999 0.531982
2 0.5
2.001 0.468018
2.002 0.436143
2.003 0.404482
2.004 0.37314
2.005 0.34222
2.006 0.311824
2.007 0.282049
2.008 0.252989
2.009 0.224734
2.01 0.197368
2.011 0.170972
2.012 0.14562
2.013 0.121379
2.014 0.0983113
2.015 0.0764709
2.016 0.0559056
2.017 0.0366556
2.018 0.0187536
2.019 0.00222491
2.02 -0.0129131
2.021 -0.0266506
2.022 -0.0389854
2.023 -0.0499228
2.024 -0.0594758
2.025 -0.0676643
2.026 -0.0745155
2.027 -0.0800631
2.028 -0.0843473
2.029 -0.0874144
2.03 -0.0893161
2.031 -0.0901097
2.032 -0.0898568
2.033 -0.0886236
2.034 -0.0864799
2.035 -0.0834986
2.036 -0.0797553
2.037 -0.0753279
2.038 -0.0702955
2.039 -0.0647384
2.04 -0.058737
2.041 -0.0523719
2.042 -0.0457227
2.043 -0.0388679
2.044 -0.031884
2.045 -0.0248455
2.046 -0.017824
2.047 -0.0108879
2.048 -0.00410202
2.049 0.00247265
2.05 0.0087796
2.051 0.0147669
2.052 0.0203873
2.053 0.025599
2.054 0.0303652
2.055 0.0346545
2.056 0.038441
2.057 0.0417044
2.058 0.0444298
2.059 0.0466079
2.06 0.0482347
2.061 0.0493114
2.062 0.0498445
2.063 0.0498452
2.064 0.0493293
2.065 0.0483173
2.066 0.0468333
2.067 0.0449057
2.068 0.0425657
2.069 0.0398481
2.07 0.0367899
2.071 0.0334305
2.072 0.0298113
2.073 0.0259747
2.074 0.0219645
2.075 0.0178247
2.076 0.0135997
2.077 0.00933352
2.078 0.00506957
2.079 0.000850177
2.08 -0.00328374
2.081 -0.00729302
2.082 -0.0111406
2.083 -0.0147917
2.084 -0.0182144
2.085 -0.0213795
2.086 -0.0242609
2.087 -0.0268359
2.088 -0.0290851
2.089 -0.0309928
2.09 -0.0325469
2.091 -0.0337387
2.092 -0.0345635
2.093 -0.0350202
2.094 -0.0351111
2.095 -0.0348423
2.096 -0.0342229
2.097 -0.0332656
2.098 -0.0319859
2.099 -0.0304024
2.1 -0.0285361
2.101 -0.0264106
2.102 -0.0240514
2.103 -0.0214861
2.104 -0.0187435
2.105 -0.015854
2.106 -0.0128489
2.107 -0.00975985
2.108 -0.00661909
2.109 -0.00345876
2.11 -0.000310708
2.111 0.00279383
2.112 0.00582451
2.113 0.00875217
2.114 0.0115491
2.115 0.0141892
2.116 0.0166484
2.117 0.0189046
2.118 0.0209381
2.119 0.0227318
2.12 0.0242708
2.121 0.0255433
2.122 0.02654
2.123 0.0272545
2.124 0.0276835
2.125 0.0278261
2.126 0.0276847
2.127 0.027264
2.128 0.0265718
2.129 0.0256183
2.13 0.0244161
2.131 0.0229802
2.132 0.0213276
2.133 0.0194774
2.134 0.0174504
2.135 0.0152687
2.136 0.012956
2.137 0.0105368
2.138 0.00803642
2.139 0.00548079
2.14 0.00289606
2.141 0.000308391
2.142 -0.00225629
2.143 -0.00477256
2.144 -0.00721571
2.145 -0.00956201
2.146 -0.0117889
2.147 -0.0138753
2.148 -0.0158016
2.149 -0.01755
2.15 -0.0191048
2.151 -0.020452
2.152 -0.02158
2.153 -0.0224796
2.154 -0.0231438
2.155 -0.0235678
2.156 -0.0237496
2.157 -0.0236893
2.158 -0.0233896
2.159 -0.0228555
2.16 -0.0220941
2.161 -0.021115
2.162 -0.0199296
2.163 -0.0185515
2.164 -0.016996
2.165 -0.0152799
2.166 -0.0134216
2.167 -0.0114409
2.168 -0.00935847
2.169 -0.0071959
2.17 -0.00497544
2.171 -0.00271974
2.172 -0.000451665
2.173 0.00180597
2.174 0.0040306
2.175 0.00620014
2.176 0.00829319
2.177 0.0102892
2.178 0.0121689
2.179 0.013914
2.18 0.0155079
2.181 0.0169355
2.182 0.0181834
2.183 0.0192401
2.184 0.0200963
2.185 0.0207442
2.186 0.0211787
2.187 0.0213965
2.188 0.0213966
2.189 0.02118
2.19 0.0207501
2.191 0.0201122
2.192 0.0192739
2.193 0.0182443
2.194 0.0170349
2.195 0.0156585
2.196 0.0141298
2.197 0.0124647
2.198 0.0106806
2.199 0.00879582
2.2 0.00682982
2.201 0.00480261
2.202 0.0027348
2.203 0.000647307
2.204 -0.00143884
2.205 -0.00350271
2.206 -0.00552365
2.207 -0.00748152
2.208 -0.0093569
2.209 -0.0111312
2.21 -0.012787
2.211 -0.0143081
2.212 -0.0156795
2.213 -0.016888
2.214 -0.0179219
2.215 -0.0187713
2.216 -0.0194284
2.217 -0.0198869
2.218 -0.0201428
2.219 -0.020194
2.22 -0.0200406
2.221 -0.0196847
2.222 -0.0191301
2.223 -0.0183831
2.224 -0.0174514
2.225 -0.016345
2.226 -0.0150751
2.227 -0.0136549
2.228 -0.0120991
2.229 -0.0104233
2.23 -0.00864473
2.231 -0.00678139
2.232 -0.00485213
2.233 -0.00287645
2.234 -0.000874272
2.235 0.00113425
2.236 0.00312891
2.237 0.00508968
2.238 0.00699688
2.239 0.00883138
2.24 0.0105748
2.241 0.0122097
2.242 0.0137198
2.243 0.0150898
2.244 0.0163062
2.245 0.0173567
2.246 0.0182309
2.247 0.0189201
2.248 0.0194173
2.249 0.0197177
2.25 0.0198181
2.251 0.0197177
2.252 0.0194173
2.253 0.0189201
2.254 0.0182309
2.255 0.0173567
2.256 0.0163062
2.257 0.0150898
2.258 0.0137198
2.259 0.0122097
2.26 0.0105748
2.261 0.00883138
2.262 0.00699688
2.263 0.00508968
2.264 0.00312891
2.265 0.00113425
2.266 -0.000874272
2.267 -0.00287645
2.268 -0.00485213
2.269 -0.00678139
2.27 -0.00864473
2.271 -0.0104233
2.272 -0.0120991
2.273 -0.0136549
2.274 -0.0150751
2.275 -0.016345
2.276 -0.0174514
2.277 -0.0183831
2.278 -0.0191301
2.279 -0.0196847
2.28 -0.0200406
2.281 -0.020194
2.282 -0.0201428
2.283 -0.0198869
2.284 -0.0194284
2.285 -0.0187713
2.286 -0.0179219
2.287 -0.016888
2.288 -0.0156795
2.289 -0.0143081
2.29 -0.012787
2.291 -0.0111312
2.292 -0.0093569
2.293 -0.00748152
2.294 -0.00552365
2.295 -0.00350271
2.296 -0.00143884
2.297 0.000647307
2.298 0.0027348
2.299 0.00480261
2.3 0.00682982
2.301 0.00879582
2.302 0.0106806
2.303 0.0124647
2.304 0.0141298
2.305 0.0156585
2.306 0.0170349
2.307 0.0182443
2.308 0.0192739
2.309 0.0201122
2.31 0.0207501
2.311 0.02118
2.312 0.0213966
2.313 0.0213965
2.314 0.0211787
2.315 0.0207442
2.316 0.0200963
2.317 0.0192401
2.318 0.0181834
2.319 0.0169355
2.32 0.0155079
2.321 0.013914
2.322 0.0121689
2.323 0.0102892
2.324 0.00829319
2.325 0.00620014
2.326 0.0040306
2.327 0.00180597
2.328 -0.000451665
2.329 -0.00271974
2.33 -0.00497544
2.331 -0.0071959
2.332 -0.00935847
2.333 -0.0114409
2.334 -0.0134216
2.335 -0.0152799
2.336 -0.016996
2.337 -0.0185515
2.338 -0.0199296
2.339 -0.021115
2.34 -0.0220941
2.341 -0.0228555
2.342 -0.0233896
2.343 -0.0236893
2.344 -0.0237496
2.345 -0.0235678
2.346 -0.0231438
2.347 -0.0224796
2.348 -0.02158
2.349 -0.020452
2.35 -0.0191048
2.351 -0.01755
2.352 -0.0158016
2.353 -0.0138753
2.354 -0.0117889
2.355 -0.00956201
2.356 -0.00721571
2.357 -0.00477256
2.358 -0.00225629
2.359 0.000308391
2.36 0.00289606
2.361 0.00548079
2.362 0.00803642
2.363 0.0105368
2.364 0.012956
2.365 0.0152687
2.366 0.0174504
2.367 0.0194774
2.368 0.0213276
2.369 0.0229802
2.37 0.0244161
2.371 0.0256183
2.372 0.0265718
2.373 0.027264
2.374 0.0276847
2.375 0.0278261
2.376 0.0276835
2.377 0.0272545
2.378 0.02654
2.379 0.0255433
2.38 0.0242708
2.381 0.0227318
2.382 0.0209381
2.383 0.0189046
2.384 0.0166484
2.385 0.0141892
2.386 0.0115491
2.387 0.00875217
2.388 0.00582451
2.389 0.00279383
2.39 -0.000310708
2.391 -0.00345876
2.392 -0.00661909
2.393 -0.00975985
2.394 -0.0128489
2.395 -0.015854
2.396 -0.0187435
2.397 -0.0214861
2.398 -0.0240514
2.399 -0.0264106
2.4 -0.0285361
2.401 -0.0304024
2.402 -0.0319859
2.403 -0.0332656
2.404 -0.0342229
2.405 -0.0348423
2.406 -0.0351111
2.407 -0.0350202
2.408 -0.0345635
2.409 -0.0337387
2.41 -0.0325469
2.411 -0.0309928
2.412 -0.0290851
2.413 -0.0268359
2.414 -0.0242609
2.415 -0.0213795
2.416 -0.0182144
2.417 -0.0147917
2.418 -0.0111406
2.419 -0.00729302
2.42 -0.00328374
2.421 0.000850177
2.422 0.00506957
2.423 0.00933352
2.424 0.0135997
2.425 0.0178247
2.426 0.0219645
2.427 0.0259747
2.428 0.0298113
2.429 0.0334305
2.43 0.0367899
2.431 0.0398481
2.432 0.0425657
2.433 0.0449057
2.434 0.0468333
2.435 0.0483173
2.436 0.0493293
2.437 0.0498452
2.438 0.0498445
2.439 0.0493114
2.44 0.0482347
2.441 0.0466079
2.442 0.0444298
2.443 0.0417044
2.444 0.038441
2.445 0.0346545
2.446 0.0303652
2.447 0.025599
2.448 0.0203873
2.449 0.0147669
2.45 0.0087796
2.451 0.00247265
2.452 -0.00410202
2.453 -0.0108879
2.454 -0.017824
2.455 -0.0248455
2.456 -0.031884
2.457 -0.0388679
2.458 -0.0457227
2.459 -0.0523719
2.46 -0.058737
2.461 -0.0647384
2.462 -0.0702955
2.463 -0.0753279
2.464 -0.0797553
2.465 -0.0834986
2.466 -0.0864799
2.467 -0.0886236
2.468 -0.0898568
2.469 -0.0901097
2.47 -0.0893161
2.471 -0.0874144
2.472 -0.0843473
2.473 -0.0800631
2.474 -0.0745155
2.475 -0.0676643
2.476 -0.0594758
2.477 -0.0499228
2.478 -0.0389854
2.479 -0.0266506
2.48 -0.0129131
2.481 0.00222491
2.482 0.0187536
2.483 0.0366556
2.484 0.0559056
2.485 0.0764709
2.486 0.0983113
2.487 0.121379
2.488 0.14562
2.489 0.170972
2.49 0.197368
2.491 0.224734
2.492 0.252989
2.493 0.282049
2.494 0.311824
2.495 0.34222
2.496 0.37314
2.497 0.404482
2.498 0.436143
2.499 0.468018
2.5 0.5
2.501 0.531982
2.502 0.563857
2.503 0.595518
2.504 0.62686
2.505 0.65778
2.506 0.688176
2.507 0.717951
2.508 0.747011
2.509 0.775266
2.51 0.802632
2.511 0.829028
2.512 0.85438
2.513 0.878621
2.514 0.901689
2.515 0.923529
2.516 0.944094
2.517 0.963344
2.518 0.981246
2.519 0.997775
2.52 1.01291
2.521 1.02665
2.522 1.03899
2.523 1.04992
2.524 1.05948
2.525 1.06766
2.526 1.07452
2.527 1.08006
2.528 1.08435
2.529 1.08741
2.53 1.08932
2.531 1.09011
2.532 1.08986
2.533 1.08862
2.534 1.08648
2.535 1.0835
2.536 1.07976
2.537 1.07533
2.538 1.0703
2.539 1.06474
2.54 1.05874
2.541 1.05237
2.542 1.04572
2.543 1.03887
2.544 1.03188
2.545 1.02485
2.546 1.01782
2.547 1.01089
2.548 1.0041
2.549 0.997527
2.55 0.99122
2.551 0.985233
2.552 0.979613
2.553 0.974401
2.554 0.969635
2.555 0.965346
2.556 0.961559
2.557 0.958296
2.558 0.95557
2.559 0.953392
2.56 0.951765
2.561 0.950689
2.562 0.950155
2.563 0.950155
2.564 0.950671
2.565 0.951683
2.566 0.953167
2.567 0.955094
2.568 0.957434
2.569 0.960152
2.57 0.96321
2.571 0.966569
2.572 0.970189
2.573 0.974025
2.574 0.978036
2.575 0.982175
2.576 0.9864
2.577 0.990666
2.578 0.99493
2.579 0.99915
2.58 1.00328
2.581 1.00729
2.582 1.01114
2.583 1.01479
2.584 1.01821
2.585 1.02138
2.586 1.02426
2.587 1.02684
2.588 1.02909
2.589 1.03099
2.59 1.03255
2.591 1.03374
2.592 1.03456
2.593 1.03502
2.594 1.03511
2.595 1.03484
2.596 1.03422
2.597 1.03327
2.598 1.03199
2.599 1.0304
2.6 1.02854
2.601 1.02641
2.602 1.02405
2.603 1.02149
2.604 1.01874
2.605 1.01585
2.606 1.01285
2.607 1.00976
2.608 1.00662
2.609 1.00346
2.61 1.00031
2.611 0.997206
2.612 0.994175
2.613 0.991248
2.614 0.988451
2.615 0.985811
2.616 0.983352
2.617 0.981095
2.618 0.979062
2.619 0.977268
2.62 0.975729
2.621 0.974457
2.622 0.97346
2.623 0.972745
2.624 0.972317
2.625 0.972174
2.626 0.972315
2.627 0.972736
2.628 0.973428
2.629 0.974382
2.63 0.975584
2.631 0.97702
2.632 0.978672
2.633 0.980523
2.634 0.98255
2.635 0.984731
2.636 0.987044
2.637 0.989463
2.638 0.991964
2.639 0.994519
2.64 0.997104
2.641 0.999692
2.642 1.00226
2.643 1.00477
2.644 1.00722
2.645 1.00956
2.646 1.01179
2.647 1.01388
2.648 1.0158
2.649 1.01755
2.65 1.0191
2.651 1.02045
2.652 1.02158
2.653 1.02248
2.654 1.02314
2.655 1.02357
2.656 1.02375
2.657 1.02369
2.658 1.02339
2.659 1.02286
2.66 1.02209
2.661 1.02111
2.662 1.01993
2.663 1.01855
2.664 1.017
2.665 1.01528
2.666 1.01342
2.667 1.01144
2.668 1.00936
2.669 1.0072
2.67 1.00498
2.671 1.00272
2.672 1.00045
2.673 0.998194
2.674 0.995969
2.675 0.9938
2.676 0.991707
2.677 0.989711
2.678 0.987831
2.679 0.986086
2.68 0.984492
2.681 0.983065
2.682 0.981817
2.683 0.98076
2.684 0.979904
2.685 0.979256
2.686 0.978821
2.687 0.978603
2.688 0.978603
2.689 0.97882
2.69 0.97925
2.691 0.979888
2.692 0.980726
2.693 0.981756
2.694 0.982965
2.695 0.984341
2.696 0.98587
2.697 0.987535
2.698 0.989319
2.699 0.991204
2.7 0.99317
2.701 0.995197
2.702 0.997265
2.703 0.999353
2.704 1.00144
2.705 1.0035
2.706 1.00552
2.707 1.00748
2.708 1.00936
2.709 1.01113
2.71 1.01279
2.711 1.01431
2.712 1.01568
2.713 1.01689
2.714 1.01792
2.715 1.01877
2.716 1.01943
2.717 1.01989
2.718 1.02014
2.719 1.02019
2.72 1.02004
2.721 1.01968
2.722 1.01913
2.723 1.01838
2.724 1.01745
2.725 1.01634
2.726 1.01508
2.727 1.01365
2.728 1.0121
2.729 1.01042
2.73 1.00864
2.731 1.00678
2.732 1.00485
2.733 1.00288
2.734 1.00087
2.735 0.998866
2.736 0.996871
2.737 0.99491
2.738 0.993003
2.739 0.991169
2.74 0.989425
2.741 0.98779
2.742 0.98628
2.743 0.98491
2.744 0.983694
2.745 0.982643
2.746 0.981769
2.747 0.98108
2.748 0.980583
2.749 0.980282
2.75 0.980182
2.751 0.980282
2.752 0.980583
2.753 0.98108
2.754 0.981769
2.755 0.982643
2.756 0.983694
2.757 0.98491
2.758 0.98628
2.759 0.98779
2.76 0.989425
2.761 0.991169
2.762 0.993003
2.763 0.99491
2.764 0.996871
2.765 0.998866
2.766 1.00087
2.767 1.00288
2.768 1.00485
2.769 1.00678
2.77 1.00864
2.771 1.01042
2.772 1.0121
2.773 1.01365
2.774 1.01508
2.775 1.01634
2.776 1.01745
2.777 1.01838
2.778 1.01913
2.779 1.01968
2.78 1.02004
2.781 1.02019
2.782 1.02014
2.783 1.01989
2.784 1.01943
2.785 1.01877
2.786 1.01792
2.787 1.01689
2.788 1.01568
2.789 1.01431
2.79 1.01279
2.791 1.01113
2.792 1.00936
2.793 1.00748
2.794 1.00552
2.795 1.0035
2.796 1.00144
2.797 0.999353
2.798 0.997265
2.799 0.995197
2.8 0.99317
2.801 0.991204
2.802 0.989319
2.803 0.987535
2.804 0.98587
2.805 0.984341
2.806 0.982965
2.807 0.981756
2.808 0.980726
2.809 0.979888
2.81 0.97925
2.811 0.97882
2.812 0.978603
2.813 0.978603
2.814 0.978821
2.815 0.979256
2.816 0.979904
2.817 0.98076
2.818 0.981817
2.819 0.983065
2.82 0.984492
2.821 0.986086
2.822 0.987831
2.823 0.989711
2.824 0.991707
2.825 0.9938
2.826 0.995969
2.827 0.998194
2.828 1.00045
2.829 1.00272
2.83 1.00498
2.831 1.0072
2.832 1.00936
2.833 1.01144
2.834 1.01342
2.835 1.01528
2.836 1.017
2.837 1.01855
2.838 1.01993
2.839 1.02111
2.84 1.02209
2.841 1.02286
2.842 1.02339
2.843 1.02369
2.844 1.02375
2.845 1.02357
2.846 1.02314
2.847 1.02248
2.848 1.02158
2.849 1.02045
2.85 1.0191
2.851 1.01755
2.852 1.0158
2.853 1.01388
2.854 1.01179
2.855 1.00956
2.856 1.00722
2.857 1.00477
2.858 1.00226
2.859 0.999692
2.86 0.997104
2.861 0.994519
2.862 0.991964
2.863 0.989463
2.864 0.987044
2.865 0.984731
2.866 0.98255
2.867 0.980523
2.868 0.978672
2.869 0.97702
2.87 0.975584
2.871 0.974382
2.872 0.973428
2.873 0.972736
2.874 0.972315
2.875 0.972174
2.876 0.972317
2.877 0.972745
2.878 0.97346
2.879 0.974457
2.88 0.975729
2.881 0.977268
2.882 0.979062
2.883 0.981095
2.884 0.983352
2.885 0.985811
2.886 0.988451
2.887 0.991248
2.888 0.994175
2.889 0.997206
2.89 1.00031
2.891 1.00346
2.892 1.00662
2.893 1.00976
2.894 1.01285
2.895 1.01585
2.896 1.01874
2.897 1.02149
2.898 1.02405
2.899 1.02641
2.9 1.02854
2.901 1.0304
2.902 1.03199
2.903 1.03327
2.904 1.03422
2.905 1.03484
2.906 1.03511
2.907 1.03502
2.908 1.03456
2.909 1.03374
2.91 1.03255
2.911 1.03099
2.912 1.02909
2.913 1.02684
2.914 1.02426
2.915 1.02138
2.916 1.01821
2.917 1.01479
2.918 1.01114
2.919 1.00729
2.92 1.00328
2.921 0.99915
2.922 0.99493
2.923 0.990666
2.924 0.9864
2.925 0.982175
2.926 0.978036
2.927 0.974025
2.928 0.970189
2.929 0.966569
2.93 0.96321
2.931 0.960152
2.932 0.957434
2.933 0.955094
2.934 0.953167
2.935 0.951683
2.936 0.950671
2.937 0.950155
2.938 0.950155
2.939 0.950689
2.94 0.951765
2.941 0.953392
2.942 0.95557
2.943 0.958296
2.944 0.961559
2.945 0.965346
2.946 0.969635
2.947 0.974401
2.948 0.979613
2.949 0.985233
2.95 0.99122
2.951 0.997527
2.952 1.0041
2.953 1.01089
2.954 1.01782
2.955 1.02485
2.956 1.03188
2.957 1.03887
2.958 1.04572
2.959 1.05237
2.96 1.05874
2.961 1.06474
2.962 1.0703
2.963 1.07533
2.964 1.07976
2.965 1.0835
2.966 1.08648
2.967 1.08862
2.968 1.08986
2.969 1.09011
2.97 1.08932
2.971 1.08741
2.972 1.08435
2.973 1.08006
2.974 1.07452
2.975 1.06766
2.976 1.05948
2.977 1.04992
2.978 1.03899
2.979 1.02665
2.98 1.01291
2.981 0.997775
2.982 0.981246
2.983 0.963344
2.984 0.944094
2.985 0.923529
2.986 0.901689
2.987 0.878621
2.988 0.85438
2.989 0.829028
2.99 0.802632
2.991 0.775266
2.992 0.747011
2.993 0.717951
2.994 0.688176
2.995 0.65778
2.996 0.62686
2.997 0.595518
2.998 0.563857
2.999 0.531982
3 0.5
3.001 0.468018
3.002 0.436143
3.003 0.404482
3.004 0.37314
3.005 0.34222
3.006 0.311824
3.007 0.282049
3.008 0.252989
3.009 0.224734
3.01 0.197368
3.011 0.170972
3.012 0.14562
3.013 0.121379
3.014 0.0983113
3.015 0.0764709
3.016 0.0559056
3.017 0.0366556
3.018 0.0187536
3.019 0.00222491
3.02 -0.0129131
3.021 -0.0266506
3.022 -0.0389854
3.023 -0.0499228
3.024 -0.0594758
3.025 -0.0676643
3.026 -0.0745155
3.027 -0.0800631
3.028 -0.0843473
3.029 -0.0874144
3.03 -0.0893161
3.031 -0.0901097
3.032 -0.0898568
3.033 -0.0886236
3.034 -0.0864799
3.035 -0.0834986
3.036 -0.0797553
3.037 -0.0753279
3.038 -0.0702955
3.039 -0.0647384
3.04 -0.058737
3.041 -0.0523719
3.042 -0.0457227
3.043 -0.0388679
3.044 -0.031884
3.045 -0.0248455
3.046 -0.017824
3.047 -0.0108879
3.048 -0.00410202
3.049 0.00247265
3.05 0.0087796
3.051 0.0147669
3.052 0.0203873
3.053 0.025599
3.054 0.0303652
3.055 0.0346545
3.056 0.038441
3.057 0.0417044
3.058 0.0444298
3.059 0.0466079
3.06 0.0482347
3.061 0.0493114
3.062 0.0498445
3.063 0.0498452
3.064 0.0493293
3.065 0.0483173
3.066 0.0468333
3.067 0.0449057
3.068 0.0425657
3.069 0.0398481
3.07 0.0367899
3.071 0.0334305
3.072 0.0298113
3.073 0.0259747
3.074 0.0219645
3.075 0.0178247
3.076 0.0135997
3.077 0.00933352
3.078 0.00506957
3.079 0.000850177
3.08 -0.00328374
3.081 -0.00729302
3.082 -0.0111406
3.083 -0.0147917
3.084 -0.0182144
3.085 -0.0213795
3.086 -0.0242609
3.087 -0.0268359
3.088 -0.0290851
3.089 -0.0309928
3.09 -0.0325469
3.091 -0.0337387
3.092 -0.0345635
3.093 -0.0350202
3.094 -0.0351111
3.095 -0.0348423
3.096 -0.0342229
3.097 -0.0332656
3.098 -0.0319859
3.099 -0.0304024
3.1 -0.0285361
3.101 -0.0264106
3.102 -0.0240514
3.103 -0.0214861
3.104 -0.0187435
3.105 -0.015854
3.106 -0.0128489
3.107 -0.00975985
3.108 -0.00661909
3.109 -0.00345876
3.11 -0.000310708
3.111 0.00279383
3.112 0.00582451
3.113 0.00875217
3.114 0.0115491
3.115 0.0141892
3.116 0.0166484
3.117 0.0189046
3.118 0.0209381
3.119 0.0227318
3.12 0.0242708
3.121 0.0255433
3.122 0.02654
3.123 0.0272545
3.124 0.0276835
3.125 0.0278261
3.126 0.0276847
3.127 0.027264
3.128 0.0265718
3.129 0.0256183
3.13 0.0244161
3.131 0.0229802
3.132 0.0213276
3.133 0.0194774
3.134 0.0174504
3.135 0.0152687
3.136 0.012956
3.137 0.0105368
3.138 0.00803642
3.139 0.00548079
3.14 0.00289606
3.141 0.000308391
3.142 -0.00225629
3.143 -0.00477256
3.144 -0.00721571
3.145 -0.00956201
3.146 -0.0117889
3.147 -0.0138753
3.148 -0.0158016
3.149 -0.01755
3.15 -0.0191048
3.151 -0.020452
3.152 -0.02158
3.153 -0.0224796
3.154 -0.0231438
3.155 -0.0235678
3.156 -0.0237496
3.157 -0.0236893
3.158 -0.0233896
3.159 -0.0228555
3.16 -0.0220941
3.161 -0.021115
3.162 -0.0199296
3.163 -0.0185515
3.164 -0.016996
3.165 -0.0152799
3.166 -0.0134216
3.167 -0.0114409
3.168 -0.00935847
3.169 -0.0071959
3.17 -0.00497544
3.171 -0.00271974
3.172 -0.000451665
3.173 0.00180597
3.174 0.0040306
3.175 0.00620014
3.176 0.00829319
3.177 0.0102892
3.178 0.0121689
3.179 0.013914
3.18 0.0155079
3.181 0.0169355
3.182 0.0181834
3.183 0.0192401
3.184 0.0200963
3.185 0.0207442
3.186 0.0211787
3.187 0.0213965
3.188 0.0213966
3.189 0.02118
3.19 0.0207501
3.191 0.0201122
3.192 0.0192739
3.193 0.0182443
3.194 0.0170349
3.195 0.0156585
3.196 0.0141298
3.197 0.0124647
3.198 0.0106806
3.199 0.00879582
3.2 0.00682982
3.201 0.00480261
3.202 0.0027348
3.203 0.000647307
3.204 -0.00143884
3.205 -0.00350271
3.206 -0.00552365
3.207 -0.00748152
3.208 -0.0093569
3.209 -0.0111312
3.21 -0.012787
3.211 -0.0143081
3.212 -0.0156795
3.213 -0.016888
3.214 -0.0179219
3.215 -0.0187713
3.216 -0.0194284
3.217 -0.0198869
3.218 -0.0201428
3.219 -0.020194
3.22 -0.0200406
3.221 -0.0196847
3.222 -0.0191301
3.223 -0.0183831
3.224 -0.0174514
3.225 -0.016345
3.226 -0.0150751
3.227 -0.0136549
3.228 -0.0120991
3.229 -0.0104233
3.23 -0.00864473
3.231 -0.00678139
3.232 -0.00485213
3.233 -0.00287645
3.234 -0.000874272
3.235 0.00113425
3.236 0.00312891
3.237 0.00508968
3.238 0.00699688
3.239 0.00883138
3.24 0.0105748
3.241 0.0122097
3.242 0.0137198
3.243 0.0150898
3.244 0.0163062
3.245 0.0173567
3.246 0.0182309
3.247 0.0189201
3.248 0.0194173
3.249 0.0197177
3.25 0.0198181
3.251 0.0197177
3.252 0.0194173
3.253 0.0189201
3.254 0.0182309
3.255 0.0173567
3.256 0.0163062
3.257 0.0150898
3.258 0.0137198
3.259 0.0122097
3.26 0.0105748
3.261 0.00883138
3.262 0.00699688
3.263 0.00508968
3.264 0.00312891
3.265 0.00113425
3.266 -0.000874272
3.267 -0.00287645
3.268 -0.00485213
3.269 -0.00678139
3.27 -0.00864473
3.271 -0.0104233
3.272 -0.0120991
3.273 -0.0136549
3.274 -0.0150751
3.275 -0.016345
3.276 -0.0174514
3.277 -0.0183831
3.278 -0.0191301
3.279 -0.0196847
3.28 -0.0200406
3.281 -0.020194
3.282 -0.0201428
3.283 -0.0198869
3.284 -0.0194284
3.285 -0.0187713
3.286 -0.0179219
3.287 -0.016888
3.288 -0.0156795
3.289 -0.0143081
3.29 -0.012787
3.291 -0.0111312
3.292 -0.0093569
3.293 -0.00748152
3.294 -0.00552365
3.295 -0.00350271
3.296 -0.00143884
3.297 0.000647307
3.298 0.0027348
3.299 0.00480261
3.3 0.00682982
3.301 0.00879582
3.302 0.0106806
3.303 0.0124647
3.304 0.0141298
3.305 0.0156585
3.306 0.0170349
3.307 0.0182443
3.308 0.0192739
3.309 0.0201122
3.31 0.0207501
3.311 0.02118
3.312 0.0213966
3.313 0.0213965
3.314 0.0211787
3.315 0.0207442
3.316 0.0200963
3.317 0.0192401
3.318 0.0181834
3.319 0.0169355
3.32 0.0155079
3.321 0.013914
3.322 0.0121689
3.323 0.0102892
3.324 0.00829319
3.325 0.00620014
3.326 0.0040306
3.327 0.00180597
3.328 -0.000451665
3.329 -0.00271974
3.33 -0.00497544
3.331 -0.0071959
3.332 -0.00935847
3.333 -0.0114409
3.334 -0.0134216
3.335 -0.0152799
3.336 -0.016996
3.337 -0.0185515
3.338 -0.0199296
3.339 -0.021115
3.34 -0.0220941
3.341 -0.0228555
3.342 -0.0233896
3.343 -0.0236893
3.344 -0.0237496
3.345 -0.0235678
3.346 -0.0231438
3.347 -0.0224796
3.348 -0.02158
3.349 -0.020452
3.35 -0.0191048
3.351 -0.01755
3.352 -0.0158016
3.353 -0.0138753
3.354 -0.0117889
3.355 -0.00956201
3.356 -0.00721571
3.357 -0.00477256
3.358 -0.00225629
3.359 0.000308391
3.36 0.00289606
3.361 0.00548079
3.362 0.00803642
3.363 0.0105368
3.364 0.012956
3.365 0.0152687
3.366 0.0174504
3.367 0.0194774
3.368 0.0213276
3.369 0.0229802
3.37 0.0244161
3.371 0.0256183
3.372 0.0265718
3.373 0.027264
3.374 0.0276847
3.375 0.0278261
3.376 0.0276835
3.377 0.0272545
3.378 0.02654
3.379 0.0255433
3.38 0.0242708
3.381 0.0227318
3.382 0.0209381
3.383 0.0189046
3.384 0.0166484
3.385 0.0141892
3.386 0.0115491
3.387 0.00875217
3.388 0.00582451
3.389 0.00279383
3.39 -0.000310708
3.391 -0.00345876
3.392 -0.00661909
3.393 -0.00975985
3.394 -0.0128489
3.395 -0.015854
3.396 -0.0187435
3.397 -0.0214861
3.398 -0.0240514
3.399 -0.0264106
3.4 -0.0285361
3.401 -0.0304024
3.402 -0.0319859
3.403 -0.0332656
3.404 -0.0342229
3.405 -0.0348423
3.406 -0.0351111
3.407 -0.0350202
3.408 -0.0345635
3.409 -0.0337387
3.41 -0.0325469
3.411 -0.0309928
3.412 -0.0290851
3.413 -0.0268359
3.414 -0.0242609
3.415 -0.0213795
3.416 -0.0182144
3.417 -0.0147917
3.418 -0.0111406
3.419 -0.00729302
3.42 -0.00328374
3.421 0.000850177
3.422 0.00506957
3.423 0.00933352
3.424 0.0135997
3.425 0.0178247
3.426 0.0219645
3.427 0.0259747
3.428 0.0298113
3.429 0.0334305
3.43 0.0367899
3.431 0.0398481
3.432 0.0425657
3.433 0.0449057
3.434 0.0468333
3.435 0.0483173
3.436 0.0493293
3.437 0.0498452
3.438 0.0498445
3.439 0.0493114
3.44 0.0482347
3.441 0.0466079
3.442 0.0444298
3.443 0.0417044
3.444 0.038441
3.445 0.0346545
3.446 0.0303652
3.447 0.025599
3.448 0.0203873
3.449 0.0147669
3.45 0.0087796
3.451 0.00247265
3.452 -0.00410202
3.453 -0.0108879
3.454 -0.017824
3.455 -0.0248455
3.456 -0.031884
3.457 -0.0388679
3.458 -0.0457227
3.459 -0.0523719
3.46 -0.058737
3.461 -0.0647384
3.462 -0.0702955
3.463 -0.0753279
3.464 -0.0797553
3.465 -0.0834986
3.466 -0.0864799
3.467 -0.0886236
3.468 -0.0898568
3.469 -0.0901097
3.47 -0.0893161
3.471 -0.0874144
3.472 -0.0843473
3.473 -0.0800631
3.474 -0.0745155
3.475 -0.0676643
3.476 -0.0594758
3.477 -0.0499228
3.478 -0.0389854
3.479 -0.0266506
3.48 -0.0129131
3.481 0.00222491
3.482 0.0187536
3.483 0.0366556
3.484 0.0559056
3.485 0.0764709
3.486 0.0983113
3.487 0.121379
3.488 0.14562
3.489 0.170972
3.49 0.197368
3.491 0.224734
3.492 0.252989
3.493 0.282049
3.494 0.311824
3.495 0.34222
3.496 0.37314
3.497 0.404482
3.498 0.436143
3.499 0.468018
3.5 0.5
3.501 0.531982
3.502 0.563857
3.503 0.595518
3.504 0.62686
3.505 0.65778
3.506 0.688176
3.507 0.717951
3.508 0.747011
3.509 0.775266
3.51 0.802632
3.511 0.829028
3.512 0.85438
3.513 0.878621
3.514 0.901689
3.515 0.923529
3.516 0.944094
3.517 0.963344
3.518 0.981246
3.519 0.997775
3.52 1.01291
3.521 1.02665
3.522 1.03899
3.523 1.04992
3.524 1.05948
3.525 1.06766
3.526 1.07452
3.527 1.08006
3.528 1.08435
3.529 1.08741
3.53 1.08932
3.531 1.09011
3.532 1.08986
3.533 1.08862
3.534 1.08648
3.535 1.0835
3.536 1.07976
3.537 1.07533
3.538 1.0703
3.539 1.06474
3.54 1.05874
3.541 1.05237
3.542 1.04572
3.543 1.03887
3.544 1.03188
3.545 1.02485
3.546 1.01782
3.547 1.01089
3.548 1.0041
3.549 0.997527
3.55 0.99122
3.551 0.985233
3.552 0.979613
3.553 0.974401
3.554 0.969635
3.555 0.965346
3.556 0.961559
3.557 0.958296
3.558 0.95557
3.559 0.953392
3.56 0.951765
3.561 0.950689
3.562 0.950155
3.563 0.950155
3.564 0.950671
3.565 0.951683
3.566 0.953167
3.567 0.955094
3.568 0.957434
3.569 0.960152
3.57 0.96321
3.571 0.966569
3.572 0.970189
3.573 0.974025
3.574 0.978036
3.575 0.982175
3.576 0.9864
3.577 0.990666
3.578 0.99493
3.579 0.99915
3.58 1.00328
3.581 1.00729
3.582 1.01114
3.583 1.01479
3.584 1.01821
3.585 1.02138
3.586 1.02426
3.587 1.02684
3.588 1.02909
3.589 1.03099
3.59 1.03255
3.591 1.03374
3.592 1.03456
3.593 1.03502
3.594 1.03511
3.595 1.03484
3.596 1.03422
3.597 1.03327
3.598 1.03199
3.599 1.0304
3.6 1.02854
3.601 1.02641
3.602 1.02405
3.603 1.02149
3.604 1.01874
3.605 1.01585
3.606 1.01285
3.607 1.00976
3.608 1.00662
3.609 1.00346
3.61 1.00031
3.611 0.997206
3.612 0.994175
3.613 0.991248
3.614 0.988451
3.615 0.985811
3.616 0.983352
3.617 0.981095
3.618 0.979062
3.619 0.977268
3.62 0.975729
3.621 0.974457
3.622 0.97346
3.623 0.972745
3.624 0.972317
3.625 0.972174
3.626 0.972315
3.627 0.972736
3.628 0.973428
3.629 0.974382
3.63 0.975584
3.631 0.97702
3.632 0.978672
3.633 0.980523
3.634 0.98255
3.635 0.984731
3.636 0.987044
3.637 0.989463
3.638 0.991964
3.639 0.994519
3.64 0.997104
3.641 0.999692
3.642 1.00226
3.643 1.00477
3.644 1.00722
3.645 1.00956
3.646 1.01179
3.647 1.01388
3.648 1.0158
3.649 1.01755
3.65 1.0191
3.651 1.02045
3.652 1.02158
3.653 1.02248
3.654 1.02314
3.655 1.02357
3.656 1.02375
3.657 1.02369
3.658 1.02339
3.659 1.02286
3.66 1.02209
3.661 1.02111
3.662 1.01993
3.663 1.01855
3.664 1.017
3.665 1.01528
3.666 1.01342
3.667 1.01144
3.668 1.00936
3.669 1.0072
3.67 1.00498
3.671 1.00272
3.672 1.00045
3.673 0.998194
3.674 0.995969
3.675 0.9938
3.676 0.991707
3.677 0.989711
3.678 0.987831
3.679 0.986086
3.68 0.984492
3.681 0.983065
3.682 0.981817
3.683 0.98076
3.684 0.979904
3.685 0.979256
3.686 0.978821
3.687 0.978603
3.688 0.978603
3.689 0.97882
3.69 0.97925
3.691 0.979888
3.692 0.980726
3.693 0.981756
3.694 0.982965
3.695 0.984341
3.696 0.98587
3.697 0.987535
3.698 0.989319
3.699 0.991204
3.7 0.99317
3.701 0.995197
3.702 0.997265
3.703 0.999353
3.704 1.00144
3.705 1.0035
3.706 1.00552
3.707 1.00748
3.708 1.00936
3.709 1.01113
3.71 1.01279
3.711 1.01431
3.712 1.01568
3.713 1.01689
3.714 1.01792
3.715 1.01877
3.716 1.01943
3.717 1.01989
3.718 1.02014
3.719 1.02019
3.72 1.02004
3.721 1.01968
3.722 1.01913
3.723 1.01838
3.724 1.01745
3.725 1.01634
3.726 1.01508
3.727 1.01365
3.728 1.0121
3.729 1.01042
3.73 1.00864
3.731 1.00678
3.732 1.00485
3.733 1.00288
3.734 1.00087
3.735 0.998866
3.736 0.996871
3.737 0.99491
3.738 0.993003
3.739 0.991169
3.74 0.989425
3.741 0.98779
3.742 0.98628
3.743 0.98491
3.744 0.983694
3.745 0.982643
3.746 0.981769
3.747 0.98108
3.748 0.980583
3.749 0.980282
3.75 0.980182
3.751 0.980282
3.752 0.980583
3.753 0.98108
3.754 0.981769
3.755 0.982643
3.756 0.983694
3.757 0.98491
3.758 0.98628
3.759 0.98779
3.76 0.989425
3.761 0.991169
3.762 0.993003
3.763 0.99491
3.764 0.996871
3.765 0.998866
3.766 1.00087
3.767 1.00288
3.768 1.00485
3.769 1.00678
3.77 1.00864
3.771 1.01042
3.772 1.0121
3.773 1.01365
3.774 1.01508
3.775 1.01634
3.776 1.01745
3.777 1.01838
3.778 1.01913
3.779 1.01968
3.78 1.02004
3.781 1.02019
3.782 1.02014
3.783 1.01989
3.784 1.01943
3.785 1.01877
3.786 1.01792
3.787 1.01689
3.788 1.01568
3.789 1.01431
3.79 1.01279
3.791 1.01113
3.792 1.00936
3.793 1.00748
3.794 1.00552
3.795 1.0035
3.796 1.00144
3.797 0.999353
3.798 0.997265
3.799 0.995197
3.8 0.99317
3.801 0.991204
3.802 0.989319
3.803 0.987535
3.804 0.98587
3.805 0.984341
3.806 0.982965
3.807 0.981756
3.808 0.980726
3.809 0.979888
3.81 0.97925
3.811 0.97882
3.812 0.978603
3.813 0.978603
3.814 0.978821
3.815 0.979256
3.816 0.979904
3.817 0.98076
3.818 0.981817
3.819 0.983065
3.82 0.984492
3.821 0.986086
3.822 0.987831
3.823 0.989711
3.824 0.991707
3.825 0.9938
3.826 0.995969
3.827 0.998194
3.828 1.00045
3.829 1.00272
3.83 1.00498
3.831 1.0072
3.832 1.00936
3.833 1.01144
3.834 1.01342
3.835 1.01528
3.836 1.017
3.837 1.01855
3.838 1.01993
3.839 1.02111
3.84 1.02209
3.841 1.02286
3.842 1.02339
3.843 1.02369
3.844 1.02375
3.845 1.02357
3.846 1.02314
3.847 1.02248
3.848 1.02158
3.849 1.02045
3.85 1.0191
3.851 1.01755
3.852 1.0158
3.853 1.01388
3.854 1.01179
3.855 1.00956
3.856 1.00722
3.857 1.00477
3.858 1.00226
3.859 0.999692
3.86 0.997104
3.861 0.994519
3.862 0.991964
3.863 0.989463
3.864 0.987044
3.865 0.984731
3.866 0.98255
3.867 0.980523
3.868 0.978672
3.869 0.97702
3.87 0.975584
3.871 0.974382
3.872 0.973428
3.873 0.972736
3.874 0.972315
3.875 0.972174
3.876 0.972317
3.877 0.972745
3.878 0.97346
3.879 0.974457
3.88 0.975729
3.881 0.977268
3.882 0.979062
3.883 0.981095
3.884 0.983352
3.885 0.985811
3.886 0.988451
3.887 0.991248
3.888 0.994175
3.889 0.997206
3.89 1.00031
3.891 1.00346
3.892 1.00662
3.893 1.00976
3.894 1.01285
3.895 1.01585
3.896 1.01874
3.897 1.02149
3.898 1.02405
3.899 1.02641
3.9 1.02854
3.901 1.0304
3.902 1.03199
3.903 1.03327
3.904 1.03422
3.905 1.03484
3.906 1.03511
3.907 1.03502
3.908 1.03456
3.909 1.03374
3.91 1.03255
3.911 1.03099
3.912 1.02909
3.913 1.02684
3.914 1.02426
3.915 1.02138
3.916 1.01821
3.917 1.01479
3.918 1.01114
3.919 1.00729
3.92 1.00328
3.921 0.99915
3.922 0.99493
3.923 0.990666
3.924 0.9864
3.925 0.982175
3.926 0.978036
3.927 0.974025
3.928 0.970189
3.929 0.966569
3.93 0.96321
3.931 0.960152
3.932 0.957434
3.933 0.955094
3.934 0.953167
3.935 0.951683
3.936 0.950671
3.937 0.950155
3.938 0.950155
3.939 0.950689
3.94 0.951765
3.941 0.953392
3.942 0.95557
3.943 0.958296
3.944 0.961559
3.945 0.965346
3.946 0.969635
3.947 0.974401
3.948 0.979613
3.949 0.985233
3.95 0.99122
3.951 0.997527
3.952 1.0041
3.953 1.01089
3.954 1.01782
3.955 1.02485
3.956 1.03188
3.957 1.03887
3.958 1.04572
3.959 1.05237
3.96 1.05874
3.961 1.06474
3.962 1.0703
3.963 1.07533
3.964 1.07976
3.965 1.0835
3.966 1.08648
3.967 1.08862
3.968 1.08986
3.969 1.09011
3.97 1.08932
3.971 1.08741
3.972 1.08435
3.973 1.08006
3.974 1.07452
3.975 1.06766
3.976 1.05948
3.977 1.04992
3.978 1.03899
3.979 1.02665
3.98 1.01291
3.981 0.997775
3.982 0.981246
3.983 0.963344
3.984 0.944094
3.985 0.923529
3.986 0.901689
3.987 0.878621
3.988 0.85438
3.989 0.829028
3.99 0.802632
3.991 0.775266
3.992 0.747011
3.993 0.717951
3.994 0.688176
3.995 0.65778
3.996 0.62686
3.997 0.595518
3.998 0.563857
3.999 0.531982
4 0.5
