0 0.5
0.001 0.496
0.002 0.492
0.003 0.488001
0.004 0.484002
0.005 0.480003
0.006 0.476006
0.007 0.472009
0.008 0.468013
0.009 0.464019
0.01 0.460026
0.011 0.456035
0.012 0.452045
0.013 0.448058
0.014 0.444072
0.015 0.440089
0.016 0.436108
0.017 0.432129
0.018 0.428153
0.019 0.42418
0.02 0.42021
0.021 0.416244
0.022 0.41228
0.023 0.40832
0.024 0.404363
0.025 0.400411
0.026 0.396462
0.027 0.392517
0.028 0.388577
0.029 0.384641
0.03 0.380709
0.031 0.376783
0.032 0.372861
0.033 0.368944
0.034 0.365032
0.035 0.361126
0.036 0.357225
0.037 0.35333
0.038 0.34944
0.039 0.345557
0.04 0.341679
0.041 0.337808
0.042 0.333943
0.043 0.330085
0.044 0.326233
0.045 0.322389
0.046 0.318551
0.047 0.314721
0.048 0.310897
0.049 0.307082
0.05 0.303274
0.051 0.299473
0.052 0.295681
0.053 0.291897
0.054 0.28812
0.055 0.284353
0.056 0.280594
0.057 0.276843
0.058 0.273101
0.059 0.269368
0.06 0.265645
0.061 0.26193
0.062 0.258225
0.063 0.25453
0.064 0.250844
0.065 0.247168
0.066 0.243502
0.067 0.239846
0.068 0.2362
0.069 0.232565
0.07 0.22894
0.071 0.225327
0.072 0.221723
0.073 0.218131
0.074 0.21455
0.075 0.210981
0.076 0.207422
0.077 0.203876
0.078 0.200341
0.079 0.196817
0.08 0.193306
0.081 0.189807
0.082 0.18632
0.083 0.182846
0.084 0.179384
0.085 0.175934
0.086 0.172498
0.087 0.169074
0.088 0.165663
0.089 0.162266
0.09 0.158882
0.091 0.155512
0.092 0.152155
0.093 0.148811
0.094 0.145482
0.095 0.142167
0.096 0.138865
0.097 0.135578
0.098 0.132306
0.099 0.129048
0.1 0.125804
0.101 0.122576
0.102 0.119362
0.103 0.116163
0.104 0.11298
0.105 0.109811
0.106 0.106658
0.107 0.103521
0.108 0.100399
0.109 0.0972933
0.11 0.0942033
0.111 0.0911293
0.112 0.0880714
0.113 0.0850298
0.114 0.0820045
0.115 0.0789958
0.116 0.0760037
0.117 0.0730283
0.118 0.0700698
0.119 0.0671282
0.12 0.0642038
0.121 0.0612965
0.122 0.0584066
0.123 0.0555341
0.124 0.0526791
0.125 0.0498418
0.126 0.0470223
0.127 0.0442207
0.128 0.041437
0.129 0.0386715
0.13 0.0359242
0.131 0.0331951
0.132 0.0304846
0.133 0.0277925
0.134 0.0251191
0.135 0.0224645
0.136 0.0198287
0.137 0.0172118
0.138 0.014614
0.139 0.0120354
0.14 0.00947603
0.141 0.00693604
0.142 0.00441551
0.143 0.00191454
0.144 -0.000566763
0.145 -0.0030283
0.146 -0.00546999
0.147 -0.00789171
0.148 -0.0102934
0.149 -0.0126749
0.15 -0.0150362
0.151 -0.0173772
0.152 -0.0196977
0.153 -0.0219977
0.154 -0.0242771
0.155 -0.0265358
0.156 -0.0287738
0.157 -0.0309908
0.158 -0.0331869
0.159 -0.0353619
0.16 -0.0375159
0.161 -0.0396485
0.162 -0.0417599
0.163 -0.0438499
0.164 -0.0459184
0.165 -0.0479654
0.166 -0.0499907
0.167 -0.0519944
0.168 -0.0539762
0.169 -0.0559361
0.17 -0.0578742
0.171 -0.0597901
0.172 -0.061684
0.173 -0.0635558
0.174 -0.0654052
0.175 -0.0672324
0.176 -0.0690371
0.177 -0.0708194
0.178 -0.0725792
0.179 -0.0743163
0.18 -0.0760308
0.181 -0.0777225
0.182 -0.0793915
0.183 -0.0810375
0.184 -0.0826606
0.185 -0.0842607
0.186 -0.0858378
0.187 -0.0873917
0.188 -0.0889224
0.189 -0.0904299
0.19 -0.0919141
0.191 -0.0933749
0.192 -0.0948123
0.193 -0.0962262
0.194 -0.0976165
0.195 -0.0989833
0.196 -0.100326
0.197 -0.101646
0.198 -0.102942
0.199 -0.104213
0.2 -0.105461
0.201 -0.106685
0.202 -0.107886
0.203 -0.109062
0.204 -0.110214
0.205 -0.111342
0.206 -0.112446
0.207 -0.113526
0.208 -0.114581
0.209 -0.115612
0.21 -0.116619
0.211 -0.117602
0.212 -0.11856
0.213 -0.119494
0.214 -0.120403
0.215 -0.121288
0.216 -0.122148
0.217 -0.122984
0.218 -0.123795
0.219 -0.124582
0.22 -0.125343
0.221 -0.126081
0.222 -0.126793
0.223 -0.127481
0.224 -0.128144
0.225 -0.128782
0.226 -0.129395
0.227 -0.129984
0.228 -0.130547
0.229 -0.131086
0.23 -0.1316
0.231 -0.132089
0.232 -0.132553
0.233 -0.132992
0.234 -0.133405
0.235 -0.133794
0.236 -0.134158
0.237 -0.134497
0.238 -0.134811
0.239 -0.1351
0.24 -0.135364
0.241 -0.135602
0.242 -0.135816
0.243 -0.136004
0.244 -0.136167
0.245 -0.136306
0.246 -0.136419
0.247 -0.136507
0.248 -0.13657
0.249 -0.136607
0.25 -0.13662
0.251 -0.136607
0.252 -0.13657
0.253 -0.136507
0.254 -0.136419
0.255 -0.136306
0.256 -0.136167
0.257 -0.136004
0.258 -0.135816
0.259 -0.135602
0.26 -0.135364
0.261 -0.1351
0.262 -0.134811
0.263 -0.134497
0.264 -0.134158
0.265 -0.133794
0.266 -0.133405
0.267 -0.132992
0.268 -0.132553
0.269 -0.132089
0.27 -0.1316
0.271 -0.131086
0.272 -0.130547
0.273 -0.129984
0.274 -0.129395
0.275 -0.128782
0.276 -0.128144
0.277 -0.127481
0.278 -0.126793
0.279 -0.126081
0.28 -0.125343
0.281 -0.124582
0.282 -0.123795
0.283 -0.122984
0.284 -0.122148
0.285 -0.121288
0.286 -0.120403
0.287 -0.119494
0.288 -0.11856
0.289 -0.117602
0.29 -0.116619
0.291 -0.115612
0.292 -0.114581
0.293 -0.113526
0.294 -0.112446
0.295 -0.111342
0.296 -0.110214
0.297 -0.109062
0.298 -0.107886
0.299 -0.106685
0.3 -0.105461
0.301 -0.104213
0.302 -0.102942
0.303 -0.101646
0.304 -0.100326
0.305 -0.0989833
0.306 -0.0976165
0.307 -0.0962262
0.308 -0.0948123
0.309 -0.0933749
0.31 -0.0919141
0.311 -0.0904299
0.312 -0.0889224
0.313 -0.0873917
0.314 -0.0858378
0.315 -0.0842607
0.316 -0.0826606
0.317 -0.0810375
0.318 -0.0793915
0.319 -0.0777225
0.32 -0.0760308
0.321 -0.0743163
0.322 -0.0725792
0.323 -0.0708194
0.324 -0.0690371
0.325 -0.0672324
0.326 -0.0654052
0.327 -0.0635558
0.328 -0.061684
0.329 -0.0597901
0.33 -0.0578742
0.331 -0.0559361
0.332 -0.0539762
0.333 -0.0519944
0.334 -0.0499907
0.335 -0.0479654
0.336 -0.0459184
0.337 -0.0438499
0.338 -0.0417599
0.339 -0.0396485
0.34 -0.0375159
0.341 -0.0353619
0.342 -0.0331869
0.343 -0.0309908
0.344 -0.0287738
0.345 -0.0265358
0.346 -0.0242771
0.347 -0.0219977
0.348 -0.0196977
0.349 -0.0173772
0.35 -0.0150362
0.351 -0.0126749
0.352 -0.0102934
0.353 -0.00789171
0.354 -0.00546999
0.355 -0.0030283
0.356 -0.000566763
0.357 0.00191454
0.358 0.00441551
0.359 0.00693604
0.36 0.00947603
0.361 0.0120354
0.362 0.014614
0.363 0.0172118
0.364 0.0198287
0.365 0.0224645
0.366 0.0251191
0.367 0.0277925
0.368 0.0304846
0.369 0.0331951
0.37 0.0359242
0.371 0.0386715
0.372 0.041437
0.373 0.0442207
0.374 0.0470223
0.375 0.0498418
0.376 0.0526791
0.377 0.0555341
0.378 0.0584066
0.379 0.0612965
0.38 0.0642038
0.381 0.0671282
0.382 0.0700698
0.383 0.0730283
0.384 0.0760037
0.385 0.0789958
0.386 0.0820045
0.387 0.0850298
0.388 0.0880714
0.389 0.0911293
0.39 0.0942033
0.391 0.0972933
0.392 0.100399
0.393 0.103521
0.394 0.106658
0.395 0.109811
0.396 0.11298
0.397 0.116163
0.398 0.119362
0.399 0.122576
0.4 0.125804
0.401 0.129048
0.402 0.132306
0.403 0.135578
0.404 0.138865
0.405 0.142167
0.406 0.145482
0.407 0.148811
0.408 0.152155
0.409 0.155512
0.41 0.158882
0.411 0.162266
0.412 0.165663
0.413 0.169074
0.414 0.172498
0.415 0.175934
0.416 0.179384
0.417 0.182846
0.418 0.18632
0.419 0.189807
0.42 0.193306
0.421 0.196817
0.422 0.200341
0.423 0.203876
0.424 0.207422
0.425 0.210981
0.426 0.21455
0.427 0.218131
0.428 0.221723
0.429 0.225327
0.43 0.22894
0.431 0.232565
0.432 0.2362
0.433 0.239846
0.434 0.243502
0.435 0.247168
0.436 0.250844
0.437 0.25453
0.438 0.258225
0.439 0.26193
0.44 0.265645
0.441 0.269368
0.442 0.273101
0.443 0.276843
0.444 0.280594
0.445 0.284353
0.446 0.28812
0.447 0.291897
0.448 0.295681
0.449 0.299473
0.45 0.303274
0.451 0.307082
0.452 0.310897
0.453 0.314721
0.454 0.318551
0.455 0.322389
0.456 0.326233
0.457 0.330085
0.458 0.333943
0.459 0.337808
0.46 0.341679
0.461 0.345557
0.462 0.34944
0.463 0.35333
0.464 0.357225
0.465 0.361126
0.466 0.365032
0.467 0.368944
0.468 0.372861
0.469 0.376783
0.47 0.380709
0.471 0.384641
0.472 0.388577
0.473 0.392517
0.474 0.396462
0.475 0.400411
0.476 0.404363
0.477 0.40832
0.478 0.41228
0.479 0.416244
0.48 0.42021
0.481 0.42418
0.482 0.428153
0.483 0.432129
0.484 0.436108
0.485 0.440089
0.486 0.444072
0.487 0.448058
0.488 0.452045
0.489 0.456035
0.49 0.460026
0.491 0.464019
0.492 0.468013
0.493 0.472009
0.494 0.476006
0.495 0.480003
0.496 0.484002
0.497 0.488001
0.498 0.492
0.499 0.496
0.5 0.5
0.501 0.504
0.502 0.508
0.503 0.511999
0.504 0.515998
0.505 0.519997
0.506 0.523994
0.507 0.527991
0.508 0.531987
0.509 0.535981
0.51 0.539974
0.511 0.543965
0.512 0.547955
0.513 0.551942
0.514 0.555928
0.515 0.559911
0.516 0.563892
0.517 0.567871
0.518 0.571847
0.519 0.57582
0.52 0.57979
0.521 0.583756
0.522 0.58772
0.523 0.59168
0.524 0.595637
0.525 0.599589
0.526 0.603538
0.527 0.607483
0.528 0.611423
0.529 0.615359
0.53 0.619291
0.531 0.623217
0.532 0.627139
0.533 0.631056
0.534 0.634968
0.535 0.638874
0.536 0.642775
0.537 0.64667
0.538 0.65056
0.539 0.654443
0.54 0.658321
0.541 0.662192
0.542 0.666057
0.543 0.669915
0.544 0.673767
0.545 0.677611
0.546 0.681449
0.547 0.685279
0.548 0.689103
0.549 0.692918
0.55 0.696726
0.551 0.700527
0.552 0.704319
0.553 0.708103
0.554 0.71188
0.555 0.715647
0.556 0.719406
0.557 0.723157
0.558 0.726899
0.559 0.730632
0.56 0.734355
0.561 0.73807
0.562 0.741775
0.563 0.74547
0.564 0.749156
0.565 0.752832
0.566 0.756498
0.567 0.760154
0.568 0.7638
0.569 0.767435
0.57 0.77106
0.571 0.774673
0.572 0.778277
0.573 0.781869
0.574 0.78545
0.575 0.789019
0.576 0.792578
0.577 0.796124
0.578 0.799659
0.579 0.803183
0.58 0.806694
0.581 0.810193
0.582 0.81368
0.583 0.817154
0.584 0.820616
0.585 0.824066
0.586 0.827502
0.587 0.830926
0.588 0.834337
0.589 0.837734
0.59 0.841118
0.591 0.844488
0.592 0.847845
0.593 0.851189
0.594 0.854518
0.595 0.857833
0.596 0.861135
0.597 0.864422
0.598 0.867694
0.599 0.870952
0.6 0.874196
0.601 0.877424
0.602 0.880638
0.603 0.883837
0.604 0.88702
0.605 0.890189
0.606 0.893342
0.607 0.896479
0.608 0.899601
0.609 0.902707
0.61 0.905797
0.611 0.908871
0.612 0.911929
0.613 0.91497
0.614 0.917995
0.615 0.921004
0.616 0.923996
0.617 0.926972
0.618 0.92993
0.619 0.932872
0.62 0.935796
0.621 0.938703
0.622 0.941593
0.623 0.944466
0.624 0.947321
0.625 0.950158
0.626 0.952978
0.627 0.955779
0.628 0.958563
0.629 0.961329
0.63 0.964076
0.631 0.966805
0.632 0.969515
0.633 0.972207
0.634 0.974881
0.635 0.977536
0.636 0.980171
0.637 0.982788
0.638 0.985386
0.639 0.987965
0.64 0.990524
0.641 0.993064
0.642 0.995584
0.643 0.998085
0.644 1.00057
0.645 1.00303
0.646 1.00547
0.647 1.00789
0.648 1.01029
0.649 1.01267
0.65 1.01504
0.651 1.01738
0.652 1.0197
0.653 1.022
0.654 1.02428
0.655 1.02654
0.656 1.02877
0.657 1.03099
0.658 1.03319
0.659 1.03536
0.66 1.03752
0.661 1.03965
0.662 1.04176
0.663 1.04385
0.664 1.04592
0.665 1.04797
0.666 1.04999
0.667 1.05199
0.668 1.05398
0.669 1.05594
0.67 1.05787
0.671 1.05979
0.672 1.06168
0.673 1.06356
0.674 1.06541
0.675 1.06723
0.676 1.06904
0.677 1.07082
0.678 1.07258
0.679 1.07432
0.68 1.07603
0.681 1.07772
0.682 1.07939
0.683 1.08104
0.684 1.08266
0.685 1.08426
0.686 1.08584
0.687 1.08739
0.688 1.08892
0.689 1.09043
0.69 1.09191
0.691 1.09337
0.692 1.09481
0.693 1.09623
0.694 1.09762
0.695 1.09898
0.696 1.10033
0.697 1.10165
0.698 1.10294
0.699 1.10421
0.7 1.10546
0.701 1.10669
0.702 1.10789
0.703 1.10906
0.704 1.11021
0.705 1.11134
0.706 1.11245
0.707 1.11353
0.708 1.11458
0.709 1.11561
0.71 1.11662
0.711 1.1176
0.712 1.11856
0.713 1.11949
0.714 1.1204
0.715 1.12129
0.716 1.12215
0.717 1.12298
0.718 1.1238
0.719 1.12458
0.72 1.12534
0.721 1.12608
0.722 1.12679
0.723 1.12748
0.724 1.12814
0.725 1.12878
0.726 1.1294
0.727 1.12998
0.728 1.13055
0.729 1.13109
0.73 1.1316
0.731 1.13209
0.732 1.13255
0.733 1.13299
0.734 1.13341
0.735 1.13379
0.736 1.13416
0.737 1.1345
0.738 1.13481
0.739 1.1351
0.74 1.13536
0.741 1.1356
0.742 1.13582
0.743 1.136
0.744 1.13617
0.745 1.13631
0.746 1.13642
0.747 1.13651
0.748 1.13657
0.749 1.13661
0.75 1.13662
0.751 1.13661
0.752 1.13657
0.753 1.13651
0.754 1.13642
0.755 1.13631
0.756 1.13617
0.757 1.136
0.758 1.13582
0.759 1.1356
0.76 1.13536
0.761 1.1351
0.762 1.13481
0.763 1.1345
0.764 1.13416
0.765 1.13379
0.766 1.13341
0.767 1.13299
0.768 1.13255
0.769 1.13209
0.77 1.1316
0.771 1.13109
0.772 1.13055
0.773 1.12998
0.774 1.1294
0.775 1.12878
0.776 1.12814
0.777 1.12748
0.778 1.12679
0.779 1.12608
0.78 1.12534
0.781 1.12458
0.782 1.1238
0.783 1.12298
0.784 1.12215
0.785 1.12129
0.786 1.1204
0.787 1.11949
0.788 1.11856
0.789 1.1176
0.79 1.11662
0.791 1.11561
0.792 1.11458
0.793 1.11353
0.794 1.11245
0.795 1.11134
0.796 1.11021
0.797 1.10906
0.798 1.10789
0.799 1.10669
0.8 1.10546
0.801 1.10421
0.802 1.10294
0.803 1.10165
0.804 1.10033
0.805 1.09898
0.806 1.09762
0.807 1.09623
0.808 1.09481
0.809 1.09337
0.81 1.09191
0.811 1.09043
0.812 1.08892
0.813 1.08739
0.814 1.08584
0.815 1.08426
0.816 1.08266
0.817 1.08104
0.818 1.07939
0.819 1.07772
0.82 1.07603
0.821 1.07432
0.822 1.07258
0.823 1.07082
0.824 1.06904
0.825 1.06723
0.826 1.06541
0.827 1.06356
0.828 1.06168
0.829 1.05979
0.83 1.05787
0.831 1.05594
0.832 1.05398
0.833 1.05199
0.834 1.04999
0.835 1.04797
0.836 1.04592
0.837 1.04385
0.838 1.04176
0.839 1.03965
0.84 1.03752
0.841 1.03536
0.842 1.03319
0.843 1.03099
0.844 1.02877
0.845 1.02654
0.846 1.02428
0.847 1.022
0.848 1.0197
0.849 1.01738
0.85 1.01504
0.851 1.01267
0.852 1.01029
0.853 1.00789
0.854 1.00547
0.855 1.00303
0.856 1.00057
0.857 0.998085
0.858 0.995584
0.859 0.993064
0.86 0.990524
0.861 0.987965
0.862 0.985386
0.863 0.982788
0.864 0.980171
0.865 0.977536
0.866 0.974881
0.867 0.972207
0.868 0.969515
0.869 0.966805
0.87 0.964076
0.871 0.961329
0.872 0.958563
0.873 0.955779
0.874 0.952978
0.875 0.950158
0.876 0.947321
0.877 0.944466
0.878 0.941593
0.879 0.938703
0.88 0.935796
0.881 0.932872
0.882 0.92993
0.883 0.926972
0.884 0.923996
0.885 0.921004
0.886 0.917995
0.887 0.91497
0.888 0.911929
0.889 0.908871
0.89 0.905797
0.891 0.902707
0.892 0.899601
0.893 0.896479
0.894 0.893342
0.895 0.890189
0.896 0.88702
0.897 0.883837
0.898 0.880638
0.899 0.877424
0.9 0.874196
0.901 0.870952
0.902 0.867694
0.903 0.864422
0.904 0.861135
0.905 0.857833
0.906 0.854518
0.907 0.851189
0.908 0.847845
0.909 0.844488
0.91 0.841118
0.911 0.837734
0.912 0.834337
0.913 0.830926
0.914 0.827502
0.915 0.824066
0.916 0.820616
0.917 0.817154
0.918 0.81368
0.919 0.810193
0.92 0.806694
0.921 0.803183
0.922 0.799659
0.923 0.796124
0.924 0.792578
0.925 0.789019
0.926 0.78545
0.927 0.781869
0.928 0.778277
0.929 0.774673
0.93 0.77106
0.931 0.767435
0.932 0.7638
0.933 0.760154
0.934 0.756498
0.935 0.752832
0.936 0.749156
0.937 0.74547
0.938 0.741775
0.939 0.73807
0.94 0.734355
0.941 0.730632
0.942 0.726899
0.943 0.723157
0.944 0.719406
0.945 0.715647
0.946 0.71188
0.947 0.708103
0.948 0.704319
0.949 0.700527
0.95 0.696726
0.951 0.692918
0.952 0.689103
0.953 0.685279
0.954 0.681449
0.955 0.677611
0.956 0.673767
0.957 0.669915
0.958 0.666057
0.959 0.662192
0.96 0.658321
0.961 0.654443
0.962 0.65056
0.963 0.64667
0.964 0.642775
0.965 0.638874
0.966 0.634968
0.967 0.631056
0.968 0.627139
0.969 0.623217
0.97 0.619291
0.971 0.615359
0.972 0.611423
0.973 0.607483
0.974 0.603538
0.975 0.599589
0.976 0.595637
0.977 0.59168
0.978 0.58772
0.979 0.583756
0.98 0.57979
0.981 0.57582
0.982 0.571847
0.983 0.567871
0.984 0.563892
0.985 0.559911
0.986 0.555928
0.987 0.551942
0.988 0.547955
0.989 0.543965
0.99 0.539974
0.991 0.535981
0.992 0.531987
0.993 0.527991
0.994 0.523994
0.995 0.519997
0.996 0.515998
0.997 0.511999
0.998 0.508
0.999 0.504
1 0.5
1.001 0.496
1.002 0.492
1.003 0.488001
1.004 0.484002
1.005 0.480003
1.006 0.476006
1.007 0.472009
1.008 0.468013
1.009 0.464019
1.01 0.460026
1.011 0.456035
1.012 0.452045
1.013 0.448058
1.014 0.444072
1.015 0.440089
1.016 0.436108
1.017 0.432129
1.018 0.428153
1.019 0.42418
1.02 0.42021
1.021 0.416244
1.022 0.41228
1.023 0.40832
1.024 0.404363
1.025 0.400411
1.026 0.396462
1.027 0.392517
1.028 0.388577
1.029 0.384641
1.03 0.380709
1.031 0.376783
1.032 0.372861
1.033 0.368944
1.034 0.365032
1.035 0.361126
1.036 0.357225
1.037 0.35333
1.038 0.34944
1.039 0.345557
1.04 0.341679
1.041 0.337808
1.042 0.333943
1.043 0.330085
1.044 0.326233
1.045 0.322389
1.046 0.318551
1.047 0.314721
1.048 0.310897
1.049 0.307082
1.05 0.303274
1.051 0.299473
1.052 0.295681
1.053 0.291897
1.054 0.28812
1.055 0.284353
1.056 0.280594
1.057 0.276843
1.058 0.273101
1.059 0.269368
1.06 0.265645
1.061 0.26193
1.062 0.258225
1.063 0.25453
1.064 0.250844
1.065 0.247168
1.066 0.243502
1.067 0.239846
1.068 0.2362
1.069 0.232565
1.07 0.22894
1.071 0.225327
1.072 0.221723
1.073 0.218131
1.074 0.21455
1.075 0.210981
1.076 0.207422
1.077 0.203876
1.078 0.200341
1.079 0.196817
1.08 0.193306
1.081 0.189807
1.082 0.18632
1.083 0.182846
1.084 0.179384
1.085 0.175934
1.086 0.172498
1.087 0.169074
1.088 0.165663
1.089 0.162266
1.09 0.158882
1.091 0.155512
1.092 0.152155
1.093 0.148811
1.094 0.145482
1.095 0.142167
1.096 0.138865
1.097 0.135578
1.098 0.132306
1.099 0.129048
1.1 0.125804
1.101 0.122576
1.102 0.119362
1.103 0.116163
1.104 0.11298
1.105 0.109811
1.106 0.106658
1.107 0.103521
1.108 0.100399
1.109 0.0972933
1.11 0.0942033
1.111 0.0911293
1.112 0.0880714
1.113 0.0850298
1.114 0.0820045
1.115 0.0789958
1.116 0.0760037
1.117 0.0730283
1.118 0.0700698
1.119 0.0671282
1.12 0.0642038
1.121 0.0612965
1.122 0.0584066
1.123 0.0555341
1.124 0.0526791
1.125 0.0498418
1.126 0.0470223
1.127 0.0442207
1.128 0.041437
1.129 0.0386715
1.13 0.0359242
1.131 0.0331951
1.132 0.0304846
1.133 0.0277925
1.134 0.0251191
1.135 0.0224645
1.136 0.0198287
1.137 0.0172118
1.138 0.014614
1.139 0.0120354
1.14 0.00947603
1.141 0.00693604
1.142 0.00441551
1.143 0.00191454
1.144 -0.000566763
1.145 -0.0030283
1.146 -0.00546999
1.147 -0.00789171
1.148 -0.0102934
1.149 -0.0126749
1.15 -0.0150362
1.151 -0.0173772
1.152 -0.0196977
1.153 -0.0219977
1.154 -0.0242771
1.155 -0.0265358
1.156 -0.0287738
1.157 -0.0309908
1.158 -0.0331869
1.159 -0.0353619
1.16 -0.0375159
1.161 -0.0396485
1.162 -0.0417599
1.163 -0.0438499
1.164 -0.0459184
1.165 -0.0479654
1.166 -0.0499907
1.167 -0.0519944
1.168 -0.0539762
1.169 -0.0559361
1.17 -0.0578742
1.171 -0.0597901
1.172 -0.061684
1.173 -0.0635558
1.174 -0.0654052
1.175 -0.0672324
1.176 -0.0690371
1.177 -0.0708194
1.178 -0.0725792
1.179 -0.0743163
1.18 -0.0760308
1.181 -0.0777225
1.182 -0.0793915
1.183 -0.0810375
1.184 -0.0826606
1.185 -0.0842607
1.186 -0.0858378
1.187 -0.0873917
1.188 -0.0889224
1.189 -0.0904299
1.19 -0.0919141
1.191 -0.0933749
1.192 -0.0948123
1.193 -0.0962262
1.194 -0.0976165
1.195 -0.0989833
1.196 -0.100326
1.197 -0.101646
1.198 -0.102942
1.199 -0.104213
1.2 -0.105461
1.201 -0.106685
1.202 -0.107886
1.203 -0.109062
1.204 -0.110214
1.205 -0.111342
1.206 -0.112446
1.207 -0.113526
1.208 -0.114581
1.209 -0.115612
1.21 -0.116619
1.211 -0.117602
1.212 -0.11856
1.213 -0.119494
1.214 -0.120403
1.215 -0.121288
1.216 -0.122148
1.217 -0.122984
1.218 -0.123795
1.219 -0.124582
1.22 -0.125343
1.221 -0.126081
1.222 -0.126793
1.223 -0.127481
1.224 -0.128144
1.225 -0.128782
1.226 -0.129395
1.227 -0.129984
1.228 -0.130547
1.229 -0.131086
1.23 -0.1316
1.231 -0.132089
1.232 -0.132553
1.233 -0.132992
1.234 -0.133405
1.235 -0.133794
1.236 -0.134158
1.237 -0.134497
1.238 -0.134811
1.239 -0.1351
1.24 -0.135364
1.241 -0.135602
1.242 -0.135816
1.243 -0.136004
1.244 -0.136167
1.245 -0.136306
1.246 -0.136419
1.247 -0.136507
1.248 -0.13657
1.249 -0.136607
1.25 -0.13662
1.251 -0.136607
1.252 -0.13657
1.253 -0.136507
1.254 -0.136419
1.255 -0.136306
1.256 -0.136167
1.257 -0.136004
1.258 -0.135816
1.259 -0.135602
1.26 -0.135364
1.261 -0.1351
1.262 -0.134811
1.263 -0.134497
1.264 -0.134158
1.265 -0.133794
1.266 -0.133405
1.267 -0.132992
1.268 -0.132553
1.269 -0.132089
1.27 -0.1316
1.271 -0.131086
1.272 -0.130547
1.273 -0.129984
1.274 -0.129395
1.275 -0.128782
1.276 -0.128144
1.277 -0.127481
1.278 -0.126793
1.279 -0.126081
1.28 -0.125343
1.281 -0.124582
1.282 -0.123795
1.283 -0.122984
1.284 -0.122148
1.285 -0.121288
1.286 -0.120403
1.287 -0.119494
1.288 -0.11856
1.289 -0.117602
1.29 -0.116619
1.291 -0.115612
1.292 -0.114581
1.293 -0.113526
1.294 -0.112446
1.295 -0.111342
1.296 -0.110214
1.297 -0.109062
1.298 -0.107886
1.299 -0.106685
1.3 -0.105461
1.301 -0.104213
1.302 -0.102942
1.303 -0.101646
1.304 -0.100326
1.305 -0.0989833
1.306 -0.0976165
1.307 -0.0962262
1.308 -0.0948123
1.309 -0.0933749
1.31 -0.0919141
1.311 -0.0904299
1.312 -0.0889224
1.313 -0.0873917
1.314 -0.0858378
1.315 -0.0842607
1.316 -0.0826606
1.317 -0.0810375
1.318 -0.0793915
1.319 -0.0777225
1.32 -0.0760308
1.321 -0.0743163
1.322 -0.0725792
1.323 -0.0708194
1.324 -0.0690371
1.325 -0.0672324
1.326 -0.0654052
1.327 -0.0635558
1.328 -0.061684
1.329 -0.0597901
1.33 -0.0578742
1.331 -0.0559361
1.332 -0.0539762
1.333 -0.0519944
1.334 -0.0499907
1.335 -0.0479654
1.336 -0.0459184
1.337 -0.0438499
1.338 -0.0417599
1.339 -0.0396485
1.34 -0.0375159
1.341 -0.0353619
1.342 -0.0331869
1.343 -0.0309908
1.344 -0.0287738
1.345 -0.0265358
1.346 -0.0242771
1.347 -0.0219977
1.348 -0.0196977
1.349 -0.0173772
1.35 -0.0150362
1.351 -0.0126749
1.352 -0.0102934
1.353 -0.00789171
1.354 -0.00546999
1.355 -0.0030283
1.356 -0.000566763
1.357 0.00191454
1.358 0.00441551
1.359 0.00693604
1.36 0.00947603
1.361 0.0120354
1.362 0.014614
1.363 0.0172118
1.364 0.0198287
1.365 0.0224645
1.366 0.0251191
1.367 0.0277925
1.368 0.0304846
1.369 0.0331951
1.37 0.0359242
1.371 0.0386715
1.372 0.041437
1.373 0.0442207
1.374 0.0470223
1.375 0.0498418
1.376 0.0526791
1.377 0.0555341
1.378 0.0584066
1.379 0.0612965
1.38 0.0642038
1.381 0.0671282
1.382 0.0700698
1.383 0.0730283
1.384 0.0760037
1.385 0.0789958
1.386 0.0820045
1.387 0.0850298
1.388 0.0880714
1.389 0.0911293
1.39 0.0942033
1.391 0.0972933
1.392 0.100399
1.393 0.103521
1.394 0.106658
1.395 0.109811
1.396 0.11298
1.397 0.116163
1.398 0.119362
1.399 0.122576
1.4 0.125804
1.401 0.129048
1.402 0.132306
1.403 0.135578
1.404 0.138865
1.405 0.142167
1.406 0.145482
1.407 0.148811
1.408 0.152155
1.409 0.155512
1.41 0.158882
1.411 0.162266
1.412 0.165663
1.413 0.169074
1.414 0.172498
1.415 0.175934
1.416 0.179384
1.417 0.182846
1.418 0.18632
1.419 0.189807
1.42 0.193306
1.421 0.196817
1.422 0.200341
1.423 0.203876
1.424 0.207422
1.425 0.210981
1.426 0.21455
1.427 0.218131
1.428 0.221723
1.429 0.225327
1.43 0.22894
1.431 0.232565
1.432 0.2362
1.433 0.239846
1.434 0.243502
1.435 0.247168
1.436 0.250844
1.437 0.25453
1.438 0.258225
1.439 0.26193
1.44 0.265645
1.441 0.269368
1.442 0.273101
1.443 0.276843
1.444 0.280594
1.445 0.284353
1.446 0.28812
1.447 0.291897
1.448 0.295681
1.449 0.299473
1.45 0.303274
1.451 0.307082
1.452 0.310897
1.453 0.314721
1.454 0.318551
1.455 0.322389
1.456 0.326233
1.457 0.330085
1.458 0.333943
1.459 0.337808
1.46 0.341679
1.461 0.345557
1.462 0.34944
1.463 0.35333
1.464 0.357225
1.465 0.361126
1.466 0.365032
1.467 0.368944
1.468 0.372861
1.469 0.376783
1.47 0.380709
1.471 0.384641
1.472 0.388577
1.473 0.392517
1.474 0.396462
1.475 0.400411
1.476 0.404363
1.477 0.40832
1.478 0.41228
1.479 0.416244
1.48 0.42021
1.481 0.42418
1.482 0.428153
1.483 0.432129
1.484 0.436108
1.485 0.440089
1.486 0.444072
1.487 0.448058
1.488 0.452045
1.489 0.456035
1.49 0.460026
1.491 0.464019
1.492 0.468013
1.493 0.472009
1.494 0.476006
1.495 0.480003
1.496 0.484002
1.497 0.488001
1.498 0.492
1.499 0.496
1.5 0.5
1.501 0.504
1.502 0.508
1.503 0.511999
1.504 0.515998
1.505 0.519997
1.506 0.523994
1.507 0.527991
1.508 0.531987
1.509 0.535981
1.51 0.539974
1.511 0.543965
1.512 0.547955
1.513 0.551942
1.514 0.555928
1.515 0.559911
1.516 0.563892
1.517 0.567871
1.518 0.571847
1.519 0.57582
1.52 0.57979
1.521 0.583756
1.522 0.58772
1.523 0.59168
1.524 0.595637
1.525 0.599589
1.526 0.603538
1.527 0.607483
1.528 0.611423
1.529 0.615359
1.53 0.619291
1.531 0.623217
1.532 0.627139
1.533 0.631056
1.534 0.634968
1.535 0.638874
1.536 0.642775
1.537 0.64667
1.538 0.65056
1.539 0.654443
1.54 0.658321
1.541 0.662192
1.542 0.666057
1.543 0.669915
1.544 0.673767
1.545 0.677611
1.546 0.681449
1.547 0.685279
1.548 0.689103
1.549 0.692918
1.55 0.696726
1.551 0.700527
1.552 0.704319
1.553 0.708103
1.554 0.71188
1.555 0.715647
1.556 0.719406
1.557 0.723157
1.558 0.726899
1.559 0.730632
1.56 0.734355
1.561 0.73807
1.562 0.741775
1.563 0.74547
1.564 0.749156
1.565 0.752832
1.566 0.756498
1.567 0.760154
1.568 0.7638
1.569 0.767435
1.57 0.77106
1.571 0.774673
1.572 0.778277
1.573 0.781869
1.574 0.78545
1.575 0.789019
1.576 0.792578
1.577 0.796124
1.578 0.799659
1.579 0.803183
1.58 0.806694
1.581 0.810193
1.582 0.81368
1.583 0.817154
1.584 0.820616
1.585 0.824066
1.586 0.827502
1.587 0.830926
1.588 0.834337
1.589 0.837734
1.59 0.841118
1.591 0.844488
1.592 0.847845
1.593 0.851189
1.594 0.854518
1.595 0.857833
1.596 0.861135
1.597 0.864422
1.598 0.867694
1.599 0.870952
1.6 0.874196
1.601 0.877424
1.602 0.880638
1.603 0.883837
1.604 0.88702
1.605 0.890189
1.606 0.893342
1.607 0.896479
1.608 0.899601
1.609 0.902707
1.61 0.905797
1.611 0.908871
1.612 0.911929
1.613 0.91497
1.614 0.917995
1.615 0.921004
1.616 0.923996
1.617 0.926972
1.618 0.92993
1.619 0.932872
1.62 0.935796
1.621 0.938703
1.622 0.941593
1.623 0.944466
1.624 0.947321
1.625 0.950158
1.626 0.952978
1.627 0.955779
1.628 0.958563
1.629 0.961329
1.63 0.964076
1.631 0.966805
1.632 0.969515
1.633 0.972207
1.634 0.974881
1.635 0.977536
1.636 0.980171
1.637 0.982788
1.638 0.985386
1.639 0.987965
1.64 0.990524
1.641 0.993064
1.642 0.995584
1.643 0.998085
1.644 1.00057
1.645 1.00303
1.646 1.00547
1.647 1.00789
1.648 1.01029
1.649 1.01267
1.65 1.01504
1.651 1.01738
1.652 1.0197
1.653 1.022
1.654 1.02428
1.655 1.02654
1.656 1.02877
1.657 1.03099
1.658 1.03319
1.659 1.03536
1.66 1.03752
1.661 1.03965
1.662 1.04176
1.663 1.04385
1.664 1.04592
1.665 1.04797
1.666 1.04999
1.667 1.05199
1.668 1.05398
1.669 1.05594
1.67 1.05787
1.671 1.05979
1.672 1.06168
1.673 1.06356
1.674 1.06541
1.675 1.06723
1.676 1.06904
1.677 1.07082
1.678 1.07258
1.679 1.07432
1.68 1.07603
1.681 1.07772
1.682 1.07939
1.683 1.08104
1.684 1.08266
1.685 1.08426
1.686 1.08584
1.687 1.08739
1.688 1.08892
1.689 1.09043
1.69 1.09191
1.691 1.09337
1.692 1.09481
1.693 1.09623
1.694 1.09762
1.695 1.09898
1.696 1.10033
1.697 1.10165
1.698 1.10294
1.699 1.10421
1.7 1.10546
1.701 1.10669
1.702 1.10789
1.703 1.10906
1.704 1.11021
1.705 1.11134
1.706 1.11245
1.707 1.11353
1.708 1.11458
1.709 1.11561
1.71 1.11662
1.711 1.1176
1.712 1.11856
1.713 1.11949
1.714 1.1204
1.715 1.12129
1.716 1.12215
1.717 1.12298
1.718 1.1238
1.719 1.12458
1.72 1.12534
1.721 1.12608
1.722 1.12679
1.723 1.12748
1.724 1.12814
1.725 1.12878
1.726 1.1294
1.727 1.12998
1.728 1.13055
1.729 1.13109
1.73 1.1316
1.731 1.13209
1.732 1.13255
1.733 1.13299
1.734 1.13341
1.735 1.13379
1.736 1.13416
1.737 1.1345
1.738 1.13481
1.739 1.1351
1.74 1.13536
1.741 1.1356
1.742 1.13582
1.743 1.136
1.744 1.13617
1.745 1.13631
1.746 1.13642
1.747 1.13651
1.748 1.13657
1.749 1.13661
1.75 1.13662
1.751 1.13661
1.752 1.13657
1.753 1.13651
1.754 1.13642
1.755 1.13631
1.756 1.13617
1.757 1.136
1.758 1.13582
1.759 1.1356
1.76 1.13536
1.761 1.1351
1.762 1.13481
1.763 1.1345
1.764 1.13416
1.765 1.13379
1.766 1.13341
1.767 1.13299
1.768 1.13255
1.769 1.13209
1.77 1.1316
1.771 1.13109
1.772 1.13055
1.773 1.12998
1.774 1.1294
1.775 1.12878
1.776 1.12814
1.777 1.12748
1.778 1.12679
1.779 1.12608
1.78 1.12534
1.781 1.12458
1.782 1.1238
1.783 1.12298
1.784 1.12215
1.785 1.12129
1.786 1.1204
1.787 1.11949
1.788 1.11856
1.789 1.1176
1.79 1.11662
1.791 1.11561
1.792 1.11458
1.793 1.11353
1.794 1.11245
1.795 1.11134
1.796 1.11021
1.797 1.10906
1.798 1.10789
1.799 1.10669
1.8 1.10546
1.801 1.10421
1.802 1.10294
1.803 1.10165
1.804 1.10033
1.805 1.09898
1.806 1.09762
1.807 1.09623
1.808 1.09481
1.809 1.09337
1.81 1.09191
1.811 1.09043
1.812 1.08892
1.813 1.08739
1.814 1.08584
1.815 1.08426
1.816 1.08266
1.817 1.08104
1.818 1.07939
1.819 1.07772
1.82 1.07603
1.821 1.07432
1.822 1.07258
1.823 1.07082
1.824 1.06904
1.825 1.06723
1.826 1.06541
1.827 1.06356
1.828 1.06168
1.829 1.05979
1.83 1.05787
1.831 1.05594
1.832 1.05398
1.833 1.05199
1.834 1.04999
1.835 1.04797
1.836 1.04592
1.837 1.04385
1.838 1.04176
1.839 1.03965
1.84 1.03752
1.841 1.03536
1.842 1.03319
1.843 1.03099
1.844 1.02877
1.845 1.02654
1.846 1.02428
1.847 1.022
1.848 1.0197
1.849 1.01738
1.85 1.01504
1.851 1.01267
1.852 1.01029
1.853 1.00789
1.854 1.00547
1.855 1.00303
1.856 1.00057
1.857 0.998085
1.858 0.995584
1.859 0.993064
1.86 0.990524
1.861 0.987965
1.862 0.985386
1.863 0.982788
1.864 0.980171
1.865 0.977536
1.866 0.974881
1.867 0.972207
1.868 0.969515
1.869 0.966805
1.87 0.964076
1.871 0.961329
1.872 0.958563
1.873 0.955779
1.874 0.952978
1.875 0.950158
1.876 0.947321
1.877 0.944466
1.878 0.941593
1.879 0.938703
1.88 0.935796
1.881 0.932872
1.882 0.92993
1.883 0.926972
1.884 0.923996
1.885 0.921004
1.886 0.917995
1.887 0.91497
1.888 0.911929
1.889 0.908871
1.89 0.905797
1.891 0.902707
1.892 0.899601
1.893 0.896479
1.894 0.893342
1.895 0.890189
1.896 0.88702
1.897 0.883837
1.898 0.880638
1.899 0.877424
1.9 0.874196
1.901 0.870952
1.902 0.867694
1.903 0.864422
1.904 0.861135
1.905 0.857833
1.906 0.854518
1.907 0.851189
1.908 0.847845
1.909 0.844488
1.91 0.841118
1.911 0.837734
1.912 0.834337
1.913 0.830926
1.914 0.827502
1.915 0.824066
1.916 0.820616
1.917 0.817154
1.918 0.81368
1.919 0.810193
1.92 0.806694
1.921 0.803183
1.922 0.799659
1.923 0.796124
1.924 0.792578
1.925 0.789019
1.926 0.78545
1.927 0.781869
1.928 0.778277
1.929 0.774673
1.93 0.77106
1.931 0.767435
1.932 0.7638
1.933 0.760154
1.934 0.756498
1.935 0.752832
1.936 0.749156
1.937 0.74547
1.938 0.741775
1.939 0.73807
1.94 0.734355
1.941 0.730632
1.942 0.726899
1.943 0.723157
1.944 0.719406
1.945 0.715647
1.946 0.71188
1.947 0.708103
1.948 0.704319
1.949 0.700527
1.95 0.696726
1.951 0.692918
1.952 0.689103
1.953 0.685279
1.954 0.681449
1.955 0.677611
1.956 0.673767
1.957 0.669915
1.958 0.666057
1.959 0.662192
1.96 0.658321
1.961 0.654443
1.962 0.65056
1.963 0.64667
1.964 0.642775
1.965 0.638874
1.966 0.634968
1.967 0.631056
1.968 0.627139
1.969 0.623217
1.97 0.619291
1.971 0.615359
1.972 0.611423
1.973 0.607483
1.974 0.603538
1.975 0.599589
1.976 0.595637
1.977 0.59168
1.978 0.58772
1.979 0.583756
1.98 0.57979
1.981 0.57582
1.982 0.571847
1.983 0.567871
1.984 0.563892
1.985 0.559911
1.986 0.555928
1.987 0.551942
1.988 0.547955
1.989 0.543965
1.99 0.539974
1.991 0.535981
1.992 0.531987
1.993 0.527991
1.994 0.523994
1.995 0.519997
1.996 0.515998
1.997 0.511999
1.998 0.508
1.999 0.504
2 0.5
2.001 0.496
2.002 0.492
2.003 0.488001
2.004 0.484002
2.005 0.480003
2.006 0.476006
2.007 0.472009
2.008 0.468013
2.009 0.464019
2.01 0.460026
2.011 0.456035
2.012 0.452045
2.013 0.448058
2.014 0.444072
2.015 0.440089
2.016 0.436108
2.017 0.432129
2.018 0.428153
2.019 0.42418
2.02 0.42021
2.021 0.416244
2.022 0.41228
2.023 0.40832
2.024 0.404363
2.025 0.400411
2.026 0.396462
2.027 0.392517
2.028 0.388577
2.029 0.384641
2.03 0.380709
2.031 0.376783
2.032 0.372861
2.033 0.368944
2.034 0.365032
2.035 0.361126
2.036 0.357225
2.037 0.35333
2.038 0.34944
2.039 0.345557
2.04 0.341679
2.041 0.337808
2.042 0.333943
2.043 0.330085
2.044 0.326233
2.045 0.322389
2.046 0.318551
2.047 0.314721
2.048 0.310897
2.049 0.307082
2.05 0.303274
2.051 0.299473
2.052 0.295681
2.053 0.291897
2.054 0.28812
2.055 0.284353
2.056 0.280594
2.057 0.276843
2.058 0.273101
2.059 0.269368
2.06 0.265645
2.061 0.26193
2.062 0.258225
2.063 0.25453
2.064 0.250844
2.065 0.247168
2.066 0.243502
2.067 0.239846
2.068 0.2362
2.069 0.232565
2.07 0.22894
2.071 0.225327
2.072 0.221723
2.073 0.218131
2.074 0.21455
2.075 0.210981
2.076 0.207422
2.077 0.203876
2.078 0.200341
2.079 0.196817
2.08 0.193306
2.081 0.189807
2.082 0.18632
2.083 0.182846
2.084 0.179384
2.085 0.175934
2.086 0.172498
2.087 0.169074
2.088 0.165663
2.089 0.162266
2.09 0.158882
2.091 0.155512
2.092 0.152155
2.093 0.148811
2.094 0.145482
2.095 0.142167
2.096 0.138865
2.097 0.135578
2.098 0.132306
2.099 0.129048
2.1 0.125804
2.101 0.122576
2.102 0.119362
2.103 0.116163
2.104 0.11298
2.105 0.109811
2.106 0.106658
2.107 0.103521
2.108 0.100399
2.109 0.0972933
2.11 0.0942033
2.111 0.0911293
2.112 0.0880714
2.113 0.0850298
2.114 0.0820045
2.115 0.0789958
2.116 0.0760037
2.117 0.0730283
2.118 0.0700698
2.119 0.0671282
2.12 0.0642038
2.121 0.0612965
2.122 0.0584066
2.123 0.0555341
2.124 0.0526791
2.125 0.0498418
2.126 0.0470223
2.127 0.0442207
2.128 0.041437
2.129 0.0386715
2.13 0.0359242
2.131 0.0331951
2.132 0.0304846
2.133 0.0277925
2.134 0.0251191
2.135 0.0224645
2.136 0.0198287
2.137 0.0172118
2.138 0.014614
2.139 0.0120354
2.14 0.00947603
2.141 0.00693604
2.142 0.00441551
2.143 0.00191454
2.144 -0.000566763
2.145 -0.0030283
2.146 -0.00546999
2.147 -0.00789171
2.148 -0.0102934
2.149 -0.0126749
2.15 -0.0150362
2.151 -0.0173772
2.152 -0.0196977
2.153 -0.0219977
2.154 -0.0242771
2.155 -0.0265358
2.156 -0.0287738
2.157 -0.0309908
2.158 -0.0331869
2.159 -0.0353619
2.16 -0.0375159
2.161 -0.0396485
2.162 -0.0417599
2.163 -0.0438499
2.164 -0.0459184
2.165 -0.0479654
2.166 -0.0499907
2.167 -0.0519944
2.168 -0.0539762
2.169 -0.0559361
2.17 -0.0578742
2.171 -0.0597901
2.172 -0.061684
2.173 -0.0635558
2.174 -0.0654052
2.175 -0.0672324
2.176 -0.0690371
2.177 -0.0708194
2.178 -0.0725792
2.179 -0.0743163
2.18 -0.0760308
2.181 -0.0777225
2.182 -0.0793915
2.183 -0.0810375
2.184 -0.0826606
2.185 -0.0842607
2.186 -0.0858378
2.187 -0.0873917
2.188 -0.0889224
2.189 -0.0904299
2.19 -0.0919141
2.191 -0.0933749
2.192 -0.0948123
2.193 -0.0962262
2.194 -0.0976165
2.195 -0.0989833
2.196 -0.100326
2.197 -0.101646
2.198 -0.102942
2.199 -0.104213
2.2 -0.105461
2.201 -0.106685
2.202 -0.107886
2.203 -0.109062
2.204 -0.110214
2.205 -0.111342
2.206 -0.112446
2.207 -0.113526
2.208 -0.114581
2.209 -0.115612
2.21 -0.116619
2.211 -0.117602
2.212 -0.11856
2.213 -0.119494
2.214 -0.120403
2.215 -0.121288
2.216 -0.122148
2.217 -0.122984
2.218 -0.123795
2.219 -0.124582
2.22 -0.125343
2.221 -0.126081
2.222 -0.126793
2.223 -0.127481
2.224 -0.128144
2.225 -0.128782
2.226 -0.129395
2.227 -0.129984
2.228 -0.130547
2.229 -0.131086
2.23 -0.1316
2.231 -0.132089
2.232 -0.132553
2.233 -0.132992
2.234 -0.133405
2.235 -0.133794
2.236 -0.134158
2.237 -0.134497
2.238 -0.134811
2.239 -0.1351
2.24 -0.135364
2.241 -0.135602
2.242 -0.135816
2.243 -0.136004
2.244 -0.136167
2.245 -0.136306
2.246 -0.136419
2.247 -0.136507
2.248 -0.13657
2.249 -0.136607
2.25 -0.13662
2.251 -0.136607
2.252 -0.13657
2.253 -0.136507
2.254 -0.136419
2.255 -0.136306
2.256 -0.136167
2.257 -0.136004
2.258 -0.135816
2.259 -0.135602
2.26 -0.135364
2.261 -0.1351
2.262 -0.134811
2.263 -0.134497
2.264 -0.134158
2.265 -0.133794
2.266 -0.133405
2.267 -0.132992
2.268 -0.132553
2.269 -0.132089
2.27 -0.1316
2.271 -0.131086
2.272 -0.130547
2.273 -0.129984
2.274 -0.129395
2.275 -0.128782
2.276 -0.128144
2.277 -0.127481
2.278 -0.126793
2.279 -0.126081
2.28 -0.125343
2.281 -0.124582
2.282 -0.123795
2.283 -0.122984
2.284 -0.122148
2.285 -0.121288
2.286 -0.120403
2.287 -0.119494
2.288 -0.11856
2.289 -0.117602
2.29 -0.116619
2.291 -0.115612
2.292 -0.114581
2.293 -0.113526
2.294 -0.112446
2.295 -0.111342
2.296 -0.110214
2.297 -0.109062
2.298 -0.107886
2.299 -0.106685
2.3 -0.105461
2.301 -0.104213
2.302 -0.102942
2.303 -0.101646
2.304 -0.100326
2.305 -0.0989833
2.306 -0.0976165
2.307 -0.0962262
2.308 -0.0948123
2.309 -0.0933749
2.31 -0.0919141
2.311 -0.0904299
2.312 -0.0889224
2.313 -0.0873917
2.314 -0.0858378
2.315 -0.0842607
2.316 -0.0826606
2.317 -0.0810375
2.318 -0.0793915
2.319 -0.0777225
2.32 -0.0760308
2.321 -0.0743163
2.322 -0.0725792
2.323 -0.0708194
2.324 -0.0690371
2.325 -0.0672324
2.326 -0.0654052
2.327 -0.0635558
2.328 -0.061684
2.329 -0.0597901
2.33 -0.0578742
2.331 -0.0559361
2.332 -0.0539762
2.333 -0.0519944
2.334 -0.0499907
2.335 -0.0479654
2.336 -0.0459184
2.337 -0.0438499
2.338 -0.0417599
2.339 -0.0396485
2.34 -0.0375159
2.341 -0.0353619
2.342 -0.0331869
2.343 -0.0309908
2.344 -0.0287738
2.345 -0.0265358
2.346 -0.0242771
2.347 -0.0219977
2.348 -0.0196977
2.349 -0.0173772
2.35 -0.0150362
2.351 -0.0126749
2.352 -0.0102934
2.353 -0.00789171
2.354 -0.00546999
2.355 -0.0030283
2.356 -0.000566763
2.357 0.00191454
2.358 0.00441551
2.359 0.00693604
2.36 0.00947603
2.361 0.0120354
2.362 0.014614
2.363 0.0172118
2.364 0.0198287
2.365 0.0224645
2.366 0.0251191
2.367 0.0277925
2.368 0.0304846
2.369 0.0331951
2.37 0.0359242
2.371 0.0386715
2.372 0.041437
2.373 0.0442207
2.374 0.0470223
2.375 0.0498418
2.376 0.0526791
2.377 0.0555341
2.378 0.0584066
2.379 0.0612965
2.38 0.0642038
2.381 0.0671282
2.382 0.0700698
2.383 0.0730283
2.384 0.0760037
2.385 0.0789958
2.386 0.0820045
2.387 0.0850298
2.388 0.0880714
2.389 0.0911293
2.39 0.0942033
2.391 0.0972933
2.392 0.100399
2.393 0.103521
2.394 0.106658
2.395 0.109811
2.396 0.11298
2.397 0.116163
2.398 0.119362
2.399 0.122576
2.4 0.125804
2.401 0.129048
2.402 0.132306
2.403 0.135578
2.404 0.138865
2.405 0.142167
2.406 0.145482
2.407 0.148811
2.408 0.152155
2.409 0.155512
2.41 0.158882
2.411 0.162266
2.412 0.165663
2.413 0.169074
2.414 0.172498
2.415 0.175934
2.416 0.179384
2.417 0.182846
2.418 0.18632
2.419 0.189807
2.42 0.193306
2.421 0.196817
2.422 0.200341
2.423 0.203876
2.424 0.207422
2.425 0.210981
2.426 0.21455
2.427 0.218131
2.428 0.221723
2.429 0.225327
2.43 0.22894
2.431 0.232565
2.432 0.2362
2.433 0.239846
2.434 0.243502
2.435 0.247168
2.436 0.250844
2.437 0.25453
2.438 0.258225
2.439 0.26193
2.44 0.265645
2.441 0.269368
2.442 0.273101
2.443 0.276843
2.444 0.280594
2.445 0.284353
2.446 0.28812
2.447 0.291897
2.448 0.295681
2.449 0.299473
2.45 0.303274
2.451 0.307082
2.452 0.310897
2.453 0.314721
2.454 0.318551
2.455 0.322389
2.456 0.326233
2.457 0.330085
2.458 0.333943
2.459 0.337808
2.46 0.341679
2.461 0.345557
2.462 0.34944
2.463 0.35333
2.464 0.357225
2.465 0.361126
2.466 0.365032
2.467 0.368944
2.468 0.372861
2.469 0.376783
2.47 0.380709
2.471 0.384641
2.472 0.388577
2.473 0.392517
2.474 0.396462
2.475 0.400411
2.476 0.404363
2.477 0.40832
2.478 0.41228
2.479 0.416244
2.48 0.42021
2.481 0.42418
2.482 0.428153
2.483 0.432129
2.484 0.436108
2.485 0.440089
2.486 0.444072
2.487 0.448058
2.488 0.452045
2.489 0.456035
2.49 0.460026
2.491 0.464019
2.492 0.468013
2.493 0.472009
2.494 0.476006
2.495 0.480003
2.496 0.484002
2.497 0.488001
2.498 0.492
2.499 0.496
2.5 0.5
2.501 0.504
2.502 0.508
2.503 0.511999
2.504 0.515998
2.505 0.519997
2.506 0.523994
2.507 0.527991
2.508 0.531987
2.509 0.535981
2.51 0.539974
2.511 0.543965
2.512 0.547955
2.513 0.551942
2.514 0.555928
2.515 0.559911
2.516 0.563892
2.517 0.567871
2.518 0.571847
2.519 0.57582
2.52 0.57979
2.521 0.583756
2.522 0.58772
2.523 0.59168
2.524 0.595637
2.525 0.599589
2.526 0.603538
2.527 0.607483
2.528 0.611423
2.529 0.615359
2.53 0.619291
2.531 0.623217
2.532 0.627139
2.533 0.631056
2.534 0.634968
2.535 0.638874
2.536 0.642775
2.537 0.64667
2.538 0.65056
2.539 0.654443
2.54 0.658321
2.541 0.662192
2.542 0.666057
2.543 0.669915
2.544 0.673767
2.545 0.677611
2.546 0.681449
2.547 0.685279
2.548 0.689103
2.549 0.692918
2.55 0.696726
2.551 0.700527
2.552 0.704319
2.553 0.708103
2.554 0.71188
2.555 0.715647
2.556 0.719406
2.557 0.723157
2.558 0.726899
2.559 0.730632
2.56 0.734355
2.561 0.73807
2.562 0.741775
2.563 0.74547
2.564 0.749156
2.565 0.752832
2.566 0.756498
2.567 0.760154
2.568 0.7638
2.569 0.767435
2.57 0.77106
2.571 0.774673
2.572 0.778277
2.573 0.781869
2.574 0.78545
2.575 0.789019
2.576 0.792578
2.577 0.796124
2.578 0.799659
2.579 0.803183
2.58 0.806694
2.581 0.810193
2.582 0.81368
2.583 0.817154
2.584 0.820616
2.585 0.824066
2.586 0.827502
2.587 0.830926
2.588 0.834337
2.589 0.837734
2.59 0.841118
2.591 0.844488
2.592 0.847845
2.593 0.851189
2.594 0.854518
2.595 0.857833
2.596 0.861135
2.597 0.864422
2.598 0.867694
2.599 0.870952
2.6 0.874196
2.601 0.877424
2.602 0.880638
2.603 0.883837
2.604 0.88702
2.605 0.890189
2.606 0.893342
2.607 0.896479
2.608 0.899601
2.609 0.902707
2.61 0.905797
2.611 0.908871
2.612 0.911929
2.613 0.91497
2.614 0.917995
2.615 0.921004
2.616 0.923996
2.617 0.926972
2.618 0.92993
2.619 0.932872
2.62 0.935796
2.621 0.938703
2.622 0.941593
2.623 0.944466
2.624 0.947321
2.625 0.950158
2.626 0.952978
2.627 0.955779
2.628 0.958563
2.629 0.961329
2.63 0.964076
2.631 0.966805
2.632 0.969515
2.633 0.972207
2.634 0.974881
2.635 0.977536
2.636 0.980171
2.637 0.982788
2.638 0.985386
2.639 0.987965
2.64 0.990524
2.641 0.993064
2.642 0.995584
2.643 0.998085
2.644 1.00057
2.645 1.00303
2.646 1.00547
2.647 1.00789
2.648 1.01029
2.649 1.01267
2.65 1.01504
2.651 1.01738
2.652 1.0197
2.653 1.022
2.654 1.02428
2.655 1.02654
2.656 1.02877
2.657 1.03099
2.658 1.03319
2.659 1.03536
2.66 1.03752
2.661 1.03965
2.662 1.04176
2.663 1.04385
2.664 1.04592
2.665 1.04797
2.666 1.04999
2.667 1.05199
2.668 1.05398
2.669 1.05594
2.67 1.05787
2.671 1.05979
2.672 1.06168
2.673 1.06356
2.674 1.06541
2.675 1.06723
2.676 1.06904
2.677 1.07082
2.678 1.07258
2.679 1.07432
2.68 1.07603
2.681 1.07772
2.682 1.07939
2.683 1.08104
2.684 1.08266
2.685 1.08426
2.686 1.08584
2.687 1.08739
2.688 1.08892
2.689 1.09043
2.69 1.09191
2.691 1.09337
2.692 1.09481
2.693 1.09623
2.694 1.09762
2.695 1.09898
2.696 1.10033
2.697 1.10165
2.698 1.10294
2.699 1.10421
2.7 1.10546
2.701 1.10669
2.702 1.10789
2.703 1.10906
2.704 1.11021
2.705 1.11134
2.706 1.11245
2.707 1.11353
2.708 1.11458
2.709 1.11561
2.71 1.11662
2.711 1.1176
2.712 1.11856
2.713 1.11949
2.714 1.1204
2.715 1.12129
2.716 1.12215
2.717 1.12298
2.718 1.1238
2.719 1.12458
2.72 1.12534
2.721 1.12608
2.722 1.12679
2.723 1.12748
2.724 1.12814
2.725 1.12878
2.726 1.1294
2.727 1.12998
2.728 1.13055
2.729 1.13109
2.73 1.1316
2.731 1.13209
2.732 1.13255
2.733 1.13299
2.734 1.13341
2.735 1.13379
2.736 1.13416
2.737 1.1345
2.738 1.13481
2.739 1.1351
2.74 1.13536
2.741 1.1356
2.742 1.13582
2.743 1.136
2.744 1.13617
2.745 1.13631
2.746 1.13642
2.747 1.13651
2.748 1.13657
2.749 1.13661
2.75 1.13662
2.751 1.13661
2.752 1.13657
2.753 1.13651
2.754 1.13642
2.755 1.13631
2.756 1.13617
2.757 1.136
2.758 1.13582
2.759 1.1356
2.76 1.13536
2.761 1.1351
2.762 1.13481
2.763 1.1345
2.764 1.13416
2.765 1.13379
2.766 1.13341
2.767 1.13299
2.768 1.13255
2.769 1.13209
2.77 1.1316
2.771 1.13109
2.772 1.13055
2.773 1.12998
2.774 1.1294
2.775 1.12878
2.776 1.12814
2.777 1.12748
2.778 1.12679
2.779 1.12608
2.78 1.12534
2.781 1.12458
2.782 1.1238
2.783 1.12298
2.784 1.12215
2.785 1.12129
2.786 1.1204
2.787 1.11949
2.788 1.11856
2.789 1.1176
2.79 1.11662
2.791 1.11561
2.792 1.11458
2.793 1.11353
2.794 1.11245
2.795 1.11134
2.796 1.11021
2.797 1.10906
2.798 1.10789
2.799 1.10669
2.8 1.10546
2.801 1.10421
2.802 1.10294
2.803 1.10165
2.804 1.10033
2.805 1.09898
2.806 1.09762
2.807 1.09623
2.808 1.09481
2.809 1.09337
2.81 1.09191
2.811 1.09043
2.812 1.08892
2.813 1.08739
2.814 1.08584
2.815 1.08426
2.816 1.08266
2.817 1.08104
2.818 1.07939
2.819 1.07772
2.82 1.07603
2.821 1.07432
2.822 1.07258
2.823 1.07082
2.824 1.06904
2.825 1.06723
2.826 1.06541
2.827 1.06356
2.828 1.06168
2.829 1.05979
2.83 1.05787
2.831 1.05594
2.832 1.05398
2.833 1.05199
2.834 1.04999
2.835 1.04797
2.836 1.04592
2.837 1.04385
2.838 1.04176
2.839 1.03965
2.84 1.03752
2.841 1.03536
2.842 1.03319
2.843 1.03099
2.844 1.02877
2.845 1.02654
2.846 1.02428
2.847 1.022
2.848 1.0197
2.849 1.01738
2.85 1.01504
2.851 1.01267
2.852 1.01029
2.853 1.00789
2.854 1.00547
2.855 1.00303
2.856 1.00057
2.857 0.998085
2.858 0.995584
2.859 0.993064
2.86 0.990524
2.861 0.987965
2.862 0.985386
2.863 0.982788
2.864 0.980171
2.865 0.977536
2.866 0.974881
2.867 0.972207
2.868 0.969515
2.869 0.966805
2.87 0.964076
2.871 0.961329
2.872 0.958563
2.873 0.955779
2.874 0.952978
2.875 0.950158
2.876 0.947321
2.877 0.944466
2.878 0.941593
2.879 0.938703
2.88 0.935796
2.881 0.932872
2.882 0.92993
2.883 0.926972
2.884 0.923996
2.885 0.921004
2.886 0.917995
2.887 0.91497
2.888 0.911929
2.889 0.908871
2.89 0.905797
2.891 0.902707
2.892 0.899601
2.893 0.896479
2.894 0.893342
2.895 0.890189
2.896 0.88702
2.897 0.883837
2.898 0.880638
2.899 0.877424
2.9 0.874196
2.901 0.870952
2.902 0.867694
2.903 0.864422
2.904 0.861135
2.905 0.857833
2.906 0.854518
2.907 0.851189
2.908 0.847845
2.909 0.844488
2.91 0.841118
2.911 0.837734
2.912 0.834337
2.913 0.830926
2.914 0.827502
2.915 0.824066
2.916 0.820616
2.917 0.817154
2.918 0.81368
2.919 0.810193
2.92 0.806694
2.921 0.803183
2.922 0.799659
2.923 0.796124
2.924 0.792578
2.925 0.789019
2.926 0.78545
2.927 0.781869
2.928 0.778277
2.929 0.774673
2.93 0.77106
2.931 0.767435
2.932 0.7638
2.933 0.760154
2.934 0.756498
2.935 0.752832
2.936 0.749156
2.937 0.74547
2.938 0.741775
2.939 0.73807
2.94 0.734355
2.941 0.730632
2.942 0.726899
2.943 0.723157
2.944 0.719406
2.945 0.715647
2.946 0.71188
2.947 0.708103
2.948 0.704319
2.949 0.700527
2.95 0.696726
2.951 0.692918
2.952 0.689103
2.953 0.685279
2.954 0.681449
2.955 0.677611
2.956 0.673767
2.957 0.669915
2.958 0.666057
2.959 0.662192
2.96 0.658321
2.961 0.654443
2.962 0.65056
2.963 0.64667
2.964 0.642775
2.965 0.638874
2.966 0.634968
2.967 0.631056
2.968 0.627139
2.969 0.623217
2.97 0.619291
2.971 0.615359
2.972 0.611423
2.973 0.607483
2.974 0.603538
2.975 0.599589
2.976 0.595637
2.977 0.59168
2.978 0.58772
2.979 0.583756
2.98 0.57979
2.981 0.57582
2.982 0.571847
2.983 0.567871
2.984 0.563892
2.985 0.559911
2.986 0.555928
2.987 0.551942
2.988 0.547955
2.989 0.543965
2.99 0.539974
2.991 0.535981
2.992 0.531987
2.993 0.527991
2.994 0.523994
2.995 0.519997
2.996 0.515998
2.997 0.511999
2.998 0.508
2.999 0.504
3 0.5
3.001 0.496
3.002 0.492
3.003 0.488001
3.004 0.484002
3.005 0.480003
3.006 0.476006
3.007 0.472009
3.008 0.468013
3.009 0.464019
3.01 0.460026
3.011 0.456035
3.012 0.452045
3.013 0.448058
3.014 0.444072
3.015 0.440089
3.016 0.436108
3.017 0.432129
3.018 0.428153
3.019 0.42418
3.02 0.42021
3.021 0.416244
3.022 0.41228
3.023 0.40832
3.024 0.404363
3.025 0.400411
3.026 0.396462
3.027 0.392517
3.028 0.388577
3.029 0.384641
3.03 0.380709
3.031 0.376783
3.032 0.372861
3.033 0.368944
3.034 0.365032
3.035 0.361126
3.036 0.357225
3.037 0.35333
3.038 0.34944
3.039 0.345557
3.04 0.341679
3.041 0.337808
3.042 0.333943
3.043 0.330085
3.044 0.326233
3.045 0.322389
3.046 0.318551
3.047 0.314721
3.048 0.310897
3.049 0.307082
3.05 0.303274
3.051 0.299473
3.052 0.295681
3.053 0.291897
3.054 0.28812
3.055 0.284353
3.056 0.280594
3.057 0.276843
3.058 0.273101
3.059 0.269368
3.06 0.265645
3.061 0.26193
3.062 0.258225
3.063 0.25453
3.064 0.250844
3.065 0.247168
3.066 0.243502
3.067 0.239846
3.068 0.2362
3.069 0.232565
3.07 0.22894
3.071 0.225327
3.072 0.221723
3.073 0.218131
3.074 0.21455
3.075 0.210981
3.076 0.207422
3.077 0.203876
3.078 0.200341
3.079 0.196817
3.08 0.193306
3.081 0.189807
3.082 0.18632
3.083 0.182846
3.084 0.179384
3.085 0.175934
3.086 0.172498
3.087 0.169074
3.088 0.165663
3.089 0.162266
3.09 0.158882
3.091 0.155512
3.092 0.152155
3.093 0.148811
3.094 0.145482
3.095 0.142167
3.096 0.138865
3.097 0.135578
3.098 0.132306
3.099 0.129048
3.1 0.125804
3.101 0.122576
3.102 0.119362
3.103 0.116163
3.104 0.11298
3.105 0.109811
3.106 0.106658
3.107 0.103521
3.108 0.100399
3.109 0.0972933
3.11 0.0942033
3.111 0.0911293
3.112 0.0880714
3.113 0.0850298
3.114 0.0820045
3.115 0.0789958
3.116 0.0760037
3.117 0.0730283
3.118 0.0700698
3.119 0.0671282
3.12 0.0642038
3.121 0.0612965
3.122 0.0584066
3.123 0.0555341
3.124 0.0526791
3.125 0.0498418
3.126 0.0470223
3.127 0.0442207
3.128 0.041437
3.129 0.0386715
3.13 0.0359242
3.131 0.0331951
3.132 0.0304846
3.133 0.0277925
3.134 0.0251191
3.135 0.0224645
3.136 0.0198287
3.137 0.0172118
3.138 0.014614
3.139 0.0120354
3.14 0.00947603
3.141 0.00693604
3.142 0.00441551
3.143 0.00191454
3.144 -0.000566763
3.145 -0.0030283
3.146 -0.00546999
3.147 -0.00789171
3.148 -0.0102934
3.149 -0.0126749
3.15 -0.0150362
3.151 -0.0173772
3.152 -0.0196977
3.153 -0.0219977
3.154 -0.0242771
3.155 -0.0265358
3.156 -0.0287738
3.157 -0.0309908
3.158 -0.0331869
3.159 -0.0353619
3.16 -0.0375159
3.161 -0.0396485
3.162 -0.0417599
3.163 -0.0438499
3.164 -0.0459184
3.165 -0.0479654
3.166 -0.0499907
3.167 -0.0519944
3.168 -0.0539762
3.169 -0.0559361
3.17 -0.0578742
3.171 -0.0597901
3.172 -0.061684
3.173 -0.0635558
3.174 -0.0654052
3.175 -0.0672324
3.176 -0.0690371
3.177 -0.0708194
3.178 -0.0725792
3.179 -0.0743163
3.18 -0.0760308
3.181 -0.0777225
3.182 -0.0793915
3.183 -0.0810375
3.184 -0.0826606
3.185 -0.0842607
3.186 -0.0858378
3.187 -0.0873917
3.188 -0.0889224
3.189 -0.0904299
3.19 -0.0919141
3.191 -0.0933749
3.192 -0.0948123
3.193 -0.0962262
3.194 -0.0976165
3.195 -0.0989833
3.196 -0.100326
3.197 -0.101646
3.198 -0.102942
3.199 -0.104213
3.2 -0.105461
3.201 -0.106685
3.202 -0.107886
3.203 -0.109062
3.204 -0.110214
3.205 -0.111342
3.206 -0.112446
3.207 -0.113526
3.208 -0.114581
3.209 -0.115612
3.21 -0.116619
3.211 -0.117602
3.212 -0.11856
3.213 -0.119494
3.214 -0.120403
3.215 -0.121288
3.216 -0.122148
3.217 -0.122984
3.218 -0.123795
3.219 -0.124582
3.22 -0.125343
3.221 -0.126081
3.222 -0.126793
3.223 -0.127481
3.224 -0.128144
3.225 -0.128782
3.226 -0.129395
3.227 -0.129984
3.228 -0.130547
3.229 -0.131086
3.23 -0.1316
3.231 -0.132089
3.232 -0.132553
3.233 -0.132992
3.234 -0.133405
3.235 -0.133794
3.236 -0.134158
3.237 -0.134497
3.238 -0.134811
3.239 -0.1351
3.24 -0.135364
3.241 -0.135602
3.242 -0.135816
3.243 -0.136004
3.244 -0.136167
3.245 -0.136306
3.246 -0.136419
3.247 -0.136507
3.248 -0.13657
3.249 -0.136607
3.25 -0.13662
3.251 -0.136607
3.252 -0.13657
3.253 -0.136507
3.254 -0.136419
3.255 -0.136306
3.256 -0.136167
3.257 -0.136004
3.258 -0.135816
3.259 -0.135602
3.26 -0.135364
3.261 -0.1351
3.262 -0.134811
3.263 -0.134497
3.264 -0.134158
3.265 -0.133794
3.266 -0.133405
3.267 -0.132992
3.268 -0.132553
3.269 -0.132089
3.27 -0.1316
3.271 -0.131086
3.272 -0.130547
3.273 -0.129984
3.274 -0.129395
3.275 -0.128782
3.276 -0.128144
3.277 -0.127481
3.278 -0.126793
3.279 -0.126081
3.28 -0.125343
3.281 -0.124582
3.282 -0.123795
3.283 -0.122984
3.284 -0.122148
3.285 -0.121288
3.286 -0.120403
3.287 -0.119494
3.288 -0.11856
3.289 -0.117602
3.29 -0.116619
3.291 -0.115612
3.292 -0.114581
3.293 -0.113526
3.294 -0.112446
3.295 -0.111342
3.296 -0.110214
3.297 -0.109062
3.298 -0.107886
3.299 -0.106685
3.3 -0.105461
3.301 -0.104213
3.302 -0.102942
3.303 -0.101646
3.304 -0.100326
3.305 -0.0989833
3.306 -0.0976165
3.307 -0.0962262
3.308 -0.0948123
3.309 -0.0933749
3.31 -0.0919141
3.311 -0.0904299
3.312 -0.0889224
3.313 -0.0873917
3.314 -0.0858378
3.315 -0.0842607
3.316 -0.0826606
3.317 -0.0810375
3.318 -0.0793915
3.319 -0.0777225
3.32 -0.0760308
3.321 -0.0743163
3.322 -0.0725792
3.323 -0.0708194
3.324 -0.0690371
3.325 -0.0672324
3.326 -0.0654052
3.327 -0.0635558
3.328 -0.061684
3.329 -0.0597901
3.33 -0.0578742
3.331 -0.0559361
3.332 -0.0539762
3.333 -0.0519944
3.334 -0.0499907
3.335 -0.0479654
3.336 -0.0459184
3.337 -0.0438499
3.338 -0.0417599
3.339 -0.0396485
3.34 -0.0375159
3.341 -0.0353619
3.342 -0.0331869
3.343 -0.0309908
3.344 -0.0287738
3.345 -0.0265358
3.346 -0.0242771
3.347 -0.0219977
3.348 -0.0196977
3.349 -0.0173772
3.35 -0.0150362
3.351 -0.0126749
3.352 -0.0102934
3.353 -0.00789171
3.354 -0.00546999
3.355 -0.0030283
3.356 -0.000566763
3.357 0.00191454
3.358 0.00441551
3.359 0.00693604
3.36 0.00947603
3.361 0.0120354
3.362 0.014614
3.363 0.0172118
3.364 0.0198287
3.365 0.0224645
3.366 0.0251191
3.367 0.0277925
3.368 0.0304846
3.369 0.0331951
3.37 0.0359242
3.371 0.0386715
3.372 0.041437
3.373 0.0442207
3.374 0.0470223
3.375 0.0498418
3.376 0.0526791
3.377 0.0555341
3.378 0.0584066
3.379 0.0612965
3.38 0.0642038
3.381 0.0671282
3.382 0.0700698
3.383 0.0730283
3.384 0.0760037
3.385 0.0789958
3.386 0.0820045
3.387 0.0850298
3.388 0.0880714
3.389 0.0911293
3.39 0.0942033
3.391 0.0972933
3.392 0.100399
3.393 0.103521
3.394 0.106658
3.395 0.109811
3.396 0.11298
3.397 0.116163
3.398 0.119362
3.399 0.122576
3.4 0.125804
3.401 0.129048
3.402 0.132306
3.403 0.135578
3.404 0.138865
3.405 0.142167
3.406 0.145482
3.407 0.148811
3.408 0.152155
3.409 0.155512
3.41 0.158882
3.411 0.162266
3.412 0.165663
3.413 0.169074
3.414 0.172498
3.415 0.175934
3.416 0.179384
3.417 0.182846
3.418 0.18632
3.419 0.189807
3.42 0.193306
3.421 0.196817
3.422 0.200341
3.423 0.203876
3.424 0.207422
3.425 0.210981
3.426 0.21455
3.427 0.218131
3.428 0.221723
3.429 0.225327
3.43 0.22894
3.431 0.232565
3.432 0.2362
3.433 0.239846
3.434 0.243502
3.435 0.247168
3.436 0.250844
3.437 0.25453
3.438 0.258225
3.439 0.26193
3.44 0.265645
3.441 0.269368
3.442 0.273101
3.443 0.276843
3.444 0.280594
3.445 0.284353
3.446 0.28812
3.447 0.291897
3.448 0.295681
3.449 0.299473
3.45 0.303274
3.451 0.307082
3.452 0.310897
3.453 0.314721
3.454 0.318551
3.455 0.322389
3.456 0.326233
3.457 0.330085
3.458 0.333943
3.459 0.337808
3.46 0.341679
3.461 0.345557
3.462 0.34944
3.463 0.35333
3.464 0.357225
3.465 0.361126
3.466 0.365032
3.467 0.368944
3.468 0.372861
3.469 0.376783
3.47 0.380709
3.471 0.384641
3.472 0.388577
3.473 0.392517
3.474 0.396462
3.475 0.400411
3.476 0.404363
3.477 0.40832
3.478 0.41228
3.479 0.416244
3.48 0.42021
3.481 0.42418
3.482 0.428153
3.483 0.432129
3.484 0.436108
3.485 0.440089
3.486 0.444072
3.487 0.448058
3.488 0.452045
3.489 0.456035
3.49 0.460026
3.491 0.464019
3.492 0.468013
3.493 0.472009
3.494 0.476006
3.495 0.480003
3.496 0.484002
3.497 0.488001
3.498 0.492
3.499 0.496
3.5 0.5
3.501 0.504
3.502 0.508
3.503 0.511999
3.504 0.515998
3.505 0.519997
3.506 0.523994
3.507 0.527991
3.508 0.531987
3.509 0.535981
3.51 0.539974
3.511 0.543965
3.512 0.547955
3.513 0.551942
3.514 0.555928
3.515 0.559911
3.516 0.563892
3.517 0.567871
3.518 0.571847
3.519 0.57582
3.52 0.57979
3.521 0.583756
3.522 0.58772
3.523 0.59168
3.524 0.595637
3.525 0.599589
3.526 0.603538
3.527 0.607483
3.528 0.611423
3.529 0.615359
3.53 0.619291
3.531 0.623217
3.532 0.627139
3.533 0.631056
3.534 0.634968
3.535 0.638874
3.536 0.642775
3.537 0.64667
3.538 0.65056
3.539 0.654443
3.54 0.658321
3.541 0.662192
3.542 0.666057
3.543 0.669915
3.544 0.673767
3.545 0.677611
3.546 0.681449
3.547 0.685279
3.548 0.689103
3.549 0.692918
3.55 0.696726
3.551 0.700527
3.552 0.704319
3.553 0.708103
3.554 0.71188
3.555 0.715647
3.556 0.719406
3.557 0.723157
3.558 0.726899
3.559 0.730632
3.56 0.734355
3.561 0.73807
3.562 0.741775
3.563 0.74547
3.564 0.749156
3.565 0.752832
3.566 0.756498
3.567 0.760154
3.568 0.7638
3.569 0.767435
3.57 0.77106
3.571 0.774673
3.572 0.778277
3.573 0.781869
3.574 0.78545
3.575 0.789019
3.576 0.792578
3.577 0.796124
3.578 0.799659
3.579 0.803183
3.58 0.806694
3.581 0.810193
3.582 0.81368
3.583 0.817154
3.584 0.820616
3.585 0.824066
3.586 0.827502
3.587 0.830926
3.588 0.834337
3.589 0.837734
3.59 0.841118
3.591 0.844488
3.592 0.847845
3.593 0.851189
3.594 0.854518
3.595 0.857833
3.596 0.861135
3.597 0.864422
3.598 0.867694
3.599 0.870952
3.6 0.874196
3.601 0.877424
3.602 0.880638
3.603 0.883837
3.604 0.88702
3.605 0.890189
3.606 0.893342
3.607 0.896479
3.608 0.899601
3.609 0.902707
3.61 0.905797
3.611 0.908871
3.612 0.911929
3.613 0.91497
3.614 0.917995
3.615 0.921004
3.616 0.923996
3.617 0.926972
3.618 0.92993
3.619 0.932872
3.62 0.935796
3.621 0.938703
3.622 0.941593
3.623 0.944466
3.624 0.947321
3.625 0.950158
3.626 0.952978
3.627 0.955779
3.628 0.958563
3.629 0.961329
3.63 0.964076
3.631 0.966805
3.632 0.969515
3.633 0.972207
3.634 0.974881
3.635 0.977536
3.636 0.980171
3.637 0.982788
3.638 0.985386
3.639 0.987965
3.64 0.990524
3.641 0.993064
3.642 0.995584
3.643 0.998085
3.644 1.00057
3.645 1.00303
3.646 1.00547
3.647 1.00789
3.648 1.01029
3.649 1.01267
3.65 1.01504
3.651 1.01738
3.652 1.0197
3.653 1.022
3.654 1.02428
3.655 1.02654
3.656 1.02877
3.657 1.03099
3.658 1.03319
3.659 1.03536
3.66 1.03752
3.661 1.03965
3.662 1.04176
3.663 1.04385
3.664 1.04592
3.665 1.04797
3.666 1.04999
3.667 1.05199
3.668 1.05398
3.669 1.05594
3.67 1.05787
3.671 1.05979
3.672 1.06168
3.673 1.06356
3.674 1.06541
3.675 1.06723
3.676 1.06904
3.677 1.07082
3.678 1.07258
3.679 1.07432
3.68 1.07603
3.681 1.07772
3.682 1.07939
3.683 1.08104
3.684 1.08266
3.685 1.08426
3.686 1.08584
3.687 1.08739
3.688 1.08892
3.689 1.09043
3.69 1.09191
3.691 1.09337
3.692 1.09481
3.693 1.09623
3.694 1.09762
3.695 1.09898
3.696 1.10033
3.697 1.10165
3.698 1.10294
3.699 1.10421
3.7 1.10546
3.701 1.10669
3.702 1.10789
3.703 1.10906
3.704 1.11021
3.705 1.11134
3.706 1.11245
3.707 1.11353
3.708 1.11458
3.709 1.11561
3.71 1.11662
3.711 1.1176
3.712 1.11856
3.713 1.11949
3.714 1.1204
3.715 1.12129
3.716 1.12215
3.717 1.12298
3.718 1.1238
3.719 1.12458
3.72 1.12534
3.721 1.12608
3.722 1.12679
3.723 1.12748
3.724 1.12814
3.725 1.12878
3.726 1.1294
3.727 1.12998
3.728 1.13055
3.729 1.13109
3.73 1.1316
3.731 1.13209
3.732 1.13255
3.733 1.13299
3.734 1.13341
3.735 1.13379
3.736 1.13416
3.737 1.1345
3.738 1.13481
3.739 1.1351
3.74 1.13536
3.741 1.1356
3.742 1.13582
3.743 1.136
3.744 1.13617
3.745 1.13631
3.746 1.13642
3.747 1.13651
3.748 1.13657
3.749 1.13661
3.75 1.13662
3.751 1.13661
3.752 1.13657
3.753 1.13651
3.754 1.13642
3.755 1.13631
3.756 1.13617
3.757 1.136
3.758 1.13582
3.759 1.1356
3.76 1.13536
3.761 1.1351
3.762 1.13481
3.763 1.1345
3.764 1.13416
3.765 1.13379
3.766 1.13341
3.767 1.13299
3.768 1.13255
3.769 1.13209
3.77 1.1316
3.771 1.13109
3.772 1.13055
3.773 1.12998
3.774 1.1294
3.775 1.12878
3.776 1.12814
3.777 1.12748
3.778 1.12679
3.779 1.12608
3.78 1.12534
3.781 1.12458
3.782 1.1238
3.783 1.12298
3.784 1.12215
3.785 1.12129
3.786 1.1204
3.787 1.11949
3.788 1.11856
3.789 1.1176
3.79 1.11662
3.791 1.11561
3.792 1.11458
3.793 1.11353
3.794 1.11245
3.795 1.11134
3.796 1.11021
3.797 1.10906
3.798 1.10789
3.799 1.10669
3.8 1.10546
3.801 1.10421
3.802 1.10294
3.803 1.10165
3.804 1.10033
3.805 1.09898
3.806 1.09762
3.807 1.09623
3.808 1.09481
3.809 1.09337
3.81 1.09191
3.811 1.09043
3.812 1.08892
3.813 1.08739
3.814 1.08584
3.815 1.08426
3.816 1.08266
3.817 1.08104
3.818 1.07939
3.819 1.07772
3.82 1.07603
3.821 1.07432
3.822 1.07258
3.823 1.07082
3.824 1.06904
3.825 1.06723
3.826 1.06541
3.827 1.06356
3.828 1.06168
3.829 1.05979
3.83 1.05787
3.831 1.05594
3.832 1.05398
3.833 1.05199
3.834 1.04999
3.835 1.04797
3.836 1.04592
3.837 1.04385
3.838 1.04176
3.839 1.03965
3.84 1.03752
3.841 1.03536
3.842 1.03319
3.843 1.03099
3.844 1.02877
3.845 1.02654
3.846 1.02428
3.847 1.022
3.848 1.0197
3.849 1.01738
3.85 1.01504
3.851 1.01267
3.852 1.01029
3.853 1.00789
3.854 1.00547
3.855 1.00303
3.856 1.00057
3.857 0.998085
3.858 0.995584
3.859 0.993064
3.86 0.990524
3.861 0.987965
3.862 0.985386
3.863 0.982788
3.864 0.980171
3.865 0.977536
3.866 0.974881
3.867 0.972207
3.868 0.969515
3.869 0.966805
3.87 0.964076
3.871 0.961329
3.872 0.958563
3.873 0.955779
3.874 0.952978
3.875 0.950158
3.876 0.947321
3.877 0.944466
3.878 0.941593
3.879 0.938703
3.88 0.935796
3.881 0.932872
3.882 0.92993
3.883 0.926972
3.884 0.923996
3.885 0.921004
3.886 0.917995
3.887 0.91497
3.888 0.911929
3.889 0.908871
3.89 0.905797
3.891 0.902707
3.892 0.899601
3.893 0.896479
3.894 0.893342
3.895 0.890189
3.896 0.88702
3.897 0.883837
3.898 0.880638
3.899 0.877424
3.9 0.874196
3.901 0.870952
3.902 0.867694
3.903 0.864422
3.904 0.861135
3.905 0.857833
3.906 0.854518
3.907 0.851189
3.908 0.847845
3.909 0.844488
3.91 0.841118
3.911 0.837734
3.912 0.834337
3.913 0.830926
3.914 0.827502
3.915 0.824066
3.916 0.820616
3.917 0.817154
3.918 0.81368
3.919 0.810193
3.92 0.806694
3.921 0.803183
3.922 0.799659
3.923 0.796124
3.924 0.792578
3.925 0.789019
3.926 0.78545
3.927 0.781869
3.928 0.778277
3.929 0.774673
3.93 0.77106
3.931 0.767435
3.932 0.7638
3.933 0.760154
3.934 0.756498
3.935 0.752832
3.936 0.749156
3.937 0.74547
3.938 0.741775
3.939 0.73807
3.94 0.734355
3.941 0.730632
3.942 0.726899
3.943 0.723157
3.944 0.719406
3.945 0.715647
3.946 0.71188
3.947 0.708103
3.948 0.704319
3.949 0.700527
3.95 0.696726
3.951 0.692918
3.952 0.689103
3.953 0.685279
3.954 0.681449
3.955 0.677611
3.956 0.673767
3.957 0.669915
3.958 0.666057
3.959 0.662192
3.96 0.658321
3.961 0.654443
3.962 0.65056
3.963 0.64667
3.964 0.642775
3.965 0.638874
3.966 0.634968
3.967 0.631056
3.968 0.627139
3.969 0.623217
3.97 0.619291
3.971 0.615359
3.972 0.611423
3.973 0.607483
3.974 0.603538
3.975 0.599589
3.976 0.595637
3.977 0.59168
3.978 0.58772
3.979 0.583756
3.98 0.57979
3.981 0.57582
3.982 0.571847
3.983 0.567871
3.984 0.563892
3.985 0.559911
3.986 0.555928
3.987 0.551942
3.988 0.547955
3.989 0.543965
3.99 0.539974
3.991 0.535981
3.992 0.531987
3.993 0.527991
3.994 0.523994
3.995 0.519997
3.996 0.515998
3.997 0.511999
3.998 0.508
3.999 0.504
4 0.5
