0 0.5
0.001 0.484002
0.002 0.468018
0.003 0.45206
0.004 0.436141
0.005 0.420276
0.006 0.404476
0.007 0.388756
0.008 0.373127
0.009 0.357602
0.01 0.342195
0.011 0.326917
0.012 0.31178
0.013 0.296798
0.014 0.28198
0.015 0.26734
0.016 0.252888
0.017 0.238635
0.018 0.224592
0.019 0.21077
0.02 0.197178
0.021 0.183826
0.022 0.170724
0.023 0.157881
0.024 0.145306
0.025 0.133006
0.026 0.12099
0.027 0.109265
0.028 0.097839
0.029 0.0867177
0.03 0.0759077
0.031 0.0654148
0.032 0.0552445
0.033 0.0454016
0.034 0.0358906
0.035 0.0267155
0.036 0.0178799
0.037 0.00938683
0.038 0.00123892
0.039 -0.0065617
0.04 -0.0140134
0.041 -0.0211149
0.042 -0.0278655
0.043 -0.034265
0.044 -0.0403136
0.045 -0.046012
0.046 -0.0513612
0.047 -0.0563629
0.048 -0.0610192
0.049 -0.0653324
0.05 -0.0693056
0.051 -0.0729421
0.052 -0.0762456
0.053 -0.0792203
0.054 -0.0818709
0.055 -0.0842022
0.056 -0.0862197
0.057 -0.0879291
0.058 -0.0893365
0.059 -0.0904483
0.06 -0.0912713
0.061 -0.0918126
0.062 -0.0920796
0.063 -0.0920799
0.064 -0.0918216
0.065 -0.0913128
0.066 -0.0905621
0.067 -0.0895781
0.068 -0.0883699
0.069 -0.0869464
0.07 -0.085317
0.071 -0.0834912
0.072 -0.0814786
0.073 -0.0792889
0.074 -0.076932
0.075 -0.0744179
0.076 -0.0717566
0.077 -0.0689581
0.078 -0.0660327
0.079 -0.0629904
0.08 -0.0598416
0.081 -0.0565962
0.082 -0.0532646
0.083 -0.0498568
0.084 -0.0463827
0.085 -0.0428525
0.086 -0.039276
0.087 -0.0356629
0.088 -0.0320228
0.089 -0.0283654
0.09 -0.0246999
0.091 -0.0210356
0.092 -0.0173813
0.093 -0.0137461
0.094 -0.0101383
0.095 -0.00656645
0.096 -0.00303863
0.097 0.000437247
0.098 0.00385356
0.099 0.00720294
0.1 0.0104783
0.101 0.0136729
0.102 0.0167801
0.103 0.0197938
0.104 0.0227082
0.105 0.0255176
0.106 0.0282168
0.107 0.030801
0.108 0.0332655
0.109 0.0356061
0.11 0.037819
0.111 0.0399007
0.112 0.041848
0.113 0.043658
0.114 0.0453283
0.115 0.0468568
0.116 0.0482417
0.117 0.0494816
0.118 0.0505755
0.119 0.0515228
0.12 0.0523229
0.121 0.052976
0.122 0.0534823
0.123 0.0538425
0.124 0.0540577
0.125 0.0541291
0.126 0.0540583
0.127 0.0538473
0.128 0.0534984
0.129 0.053014
0.13 0.052397
0.131 0.0516504
0.132 0.0507777
0.133 0.0497825
0.134 0.0486685
0.135 0.0474399
0.136 0.046101
0.137 0.0446563
0.138 0.0431105
0.139 0.0414686
0.14 0.0397355
0.141 0.0379166
0.142 0.0360172
0.143 0.0340429
0.144 0.0319992
0.145 0.0298919
0.146 0.0277269
0.147 0.0255101
0.148 0.0232474
0.149 0.0209448
0.15 0.0186085
0.151 0.0162446
0.152 0.0138591
0.153 0.0114581
0.154 0.0090477
0.155 0.00663399
0.156 0.00422294
0.157 0.00182052
0.158 -0.000567414
0.159 -0.00293506
0.16 -0.00527672
0.161 -0.0075868
0.162 -0.00985982
0.163 -0.0120905
0.164 -0.0142735
0.165 -0.0164039
0.166 -0.0184768
0.167 -0.0204874
0.168 -0.0224313
0.169 -0.024304
0.17 -0.0261015
0.171 -0.0278198
0.172 -0.0294552
0.173 -0.0310043
0.174 -0.0324636
0.175 -0.0338303
0.176 -0.0351015
0.177 -0.0362746
0.178 -0.0373475
0.179 -0.0383179
0.18 -0.0391842
0.181 -0.0399449
0.182 -0.0405985
0.183 -0.0411442
0.184 -0.0415812
0.185 -0.041909
0.186 -0.0421274
0.187 -0.0422365
0.188 -0.0422365
0.189 -0.0421281
0.19 -0.041912
0.191 -0.0415893
0.192 -0.0411613
0.193 -0.0406297
0.194 -0.0399962
0.195 -0.0392629
0.196 -0.038432
0.197 -0.037506
0.198 -0.0364877
0.199 -0.03538
0.2 -0.034186
0.201 -0.032909
0.202 -0.0315526
0.203 -0.0301203
0.204 -0.0286161
0.205 -0.027044
0.206 -0.025408
0.207 -0.0237126
0.208 -0.0219621
0.209 -0.020161
0.21 -0.018314
0.211 -0.0164259
0.212 -0.0145014
0.213 -0.0125454
0.214 -0.010563
0.215 -0.008559
0.216 -0.00653855
0.217 -0.00450669
0.218 -0.00246849
0.219 -0.000429044
0.22 0.00160659
0.221 0.00363337
0.222 0.00564628
0.223 0.00764034
0.224 0.00961066
0.225 0.0115524
0.226 0.0134607
0.227 0.015331
0.228 0.0171587
0.229 0.0189394
0.23 0.0206686
0.231 0.0223421
0.232 0.023956
0.233 0.0255062
0.234 0.0269891
0.235 0.0284009
0.236 0.0297384
0.237 0.0309982
0.238 0.0321772
0.239 0.0332728
0.24 0.0342821
0.241 0.0352028
0.242 0.0360327
0.243 0.0367697
0.244 0.037412
0.245 0.0379582
0.246 0.0384069
0.247 0.038757
0.248 0.0390076
0.249 0.0391583
0.25 0.0392085
0.251 0.0391583
0.252 0.0390076
0.253 0.038757
0.254 0.0384069
0.255 0.0379582
0.256 0.037412
0.257 0.0367697
0.258 0.0360327
0.259 0.0352028
0.26 0.0342821
0.261 0.0332728
0.262 0.0321772
0.263 0.0309982
0.264 0.0297384
0.265 0.0284009
0.266 0.0269891
0.267 0.0255062
0.268 0.023956
0.269 0.0223421
0.27 0.0206686
0.271 0.0189394
0.272 0.0171587
0.273 0.015331
0.274 0.0134607
0.275 0.0115524
0.276 0.00961066
0.277 0.00764034
0.278 0.00564628
0.279 0.00363337
0.28 0.00160659
0.281 -0.000429044
0.282 -0.00246849
0.283 -0.00450669
0.284 -0.00653855
0.285 -0.008559
0.286 -0.010563
0.287 -0.0125454
0.288 -0.0145014
0.289 -0.0164259
0.29 -0.018314
0.291 -0.020161
0.292 -0.0219621
0.293 -0.0237126
0.294 -0.025408
0.295 -0.027044
0.296 -0.0286161
0.297 -0.0301203
0.298 -0.0315526
0.299 -0.032909
0.3 -0.034186
0.301 -0.03538
0.302 -0.0364877
0.303 -0.037506
0.304 -0.038432
0.305 -0.0392629
0.306 -0.0399962
0.307 -0.0406297
0.308 -0.0411613
0.309 -0.0415893
0.31 -0.041912
0.311 -0.0421281
0.312 -0.0422365
0.313 -0.0422365
0.314 -0.0421274
0.315 -0.041909
0.316 -0.0415812
0.317 -0.0411442
0.318 -0.0405985
0.319 -0.0399449
0.32 -0.0391842
0.321 -0.0383179
0.322 -0.0373475
0.323 -0.0362746
0.324 -0.0351015
0.325 -0.0338303
0.326 -0.0324636
0.327 -0.0310043
0.328 -0.0294552
0.329 -0.0278198
0.33 -0.0261015
0.331 -0.024304
0.332 -0.0224313
0.333 -0.0204874
0.334 -0.0184768
0.335 -0.0164039
0.336 -0.0142735
0.337 -0.0120905
0.338 -0.00985982
0.339 -0.0075868
0.34 -0.00527672
0.341 -0.00293506
0.342 -0.000567414
0.343 0.00182052
0.344 0.00422294
0.345 0.00663399
0.346 0.0090477
0.347 0.0114581
0.348 0.0138591
0.349 0.0162446
0.35 0.0186085
0.351 0.0209448
0.352 0.0232474
0.353 0.0255101
0.354 0.0277269
0.355 0.0298919
0.356 0.0319992
0.357 0.0340429
0.358 0.0360172
0.359 0.0379166
0.36 0.0397355
0.361 0.0414686
0.362 0.0431105
0.363 0.0446563
0.364 0.046101
0.365 0.0474399
0.366 0.0486685
0.367 0.0497825
0.368 0.0507777
0.369 0.0516504
0.37 0.052397
0.371 0.053014
0.372 0.0534984
0.373 0.0538473
0.374 0.0540583
0.375 0.0541291
0.376 0.0540577
0.377 0.0538425
0.378 0.0534823
0.379 0.052976
0.38 0.0523229
0.381 0.0515228
0.382 0.0505755
0.383 0.0494816
0.384 0.0482417
0.385 0.0468568
0.386 0.0453283
0.387 0.043658
0.388 0.041848
0.389 0.0399007
0.39 0.037819
0.391 0.0356061
0.392 0.0332655
0.393 0.030801
0.394 0.0282168
0.395 0.0255176
0.396 0.0227082
0.397 0.0197938
0.398 0.0167801
0.399 0.0136729
0.4 0.0104783
0.401 0.00720294
0.402 0.00385356
0.403 0.000437247
0.404 -0.00303863
0.405 -0.00656645
0.406 -0.0101383
0.407 -0.0137461
0.408 -0.0173813
0.409 -0.0210356
0.41 -0.0246999
0.411 -0.0283654
0.412 -0.0320228
0.413 -0.0356629
0.414 -0.039276
0.415 -0.0428525
0.416 -0.0463827
0.417 -0.0498568
0.418 -0.0532646
0.419 -0.0565962
0.42 -0.0598416
0.421 -0.0629904
0.422 -0.0660327
0.423 -0.0689581
0.424 -0.0717566
0.425 -0.0744179
0.426 -0.076932
0.427 -0.0792889
0.428 -0.0814786
0.429 -0.0834912
0.43 -0.085317
0.431 -0.0869464
0.432 -0.0883699
0.433 -0.0895781
0.434 -0.0905621
0.435 -0.0913128
0.436 -0.0918216
0.437 -0.0920799
0.438 -0.0920796
0.439 -0.0918126
0.44 -0.0912713
0.441 -0.0904483
0.442 -0.0893365
0.443 -0.0879291
0.444 -0.0862197
0.445 -0.0842022
0.446 -0.0818709
0.447 -0.0792203
0.448 -0.0762456
0.449 -0.0729421
0.45 -0.0693056
0.451 -0.0653324
0.452 -0.0610192
0.453 -0.0563629
0.454 -0.0513612
0.455 -0.046012
0.456 -0.0403136
0.457 -0.034265
0.458 -0.0278655
0.459 -0.0211149
0.46 -0.0140134
0.461 -0.0065617
0.462 0.00123892
0.463 0.00938683
0.464 0.0178799
0.465 0.0267155
0.466 0.0358906
0.467 0.0454016
0.468 0.0552445
0.469 0.0654148
0.47 0.0759077
0.471 0.0867177
0.472 0.097839
0.473 0.109265
0.474 0.12099
0.475 0.133006
0.476 0.145306
0.477 0.157881
0.478 0.170724
0.479 0.183826
0.48 0.197178
0.481 0.21077
0.482 0.224592
0.483 0.238635
0.484 0.252888
0.485 0.26734
0.486 0.28198
0.487 0.296798
0.488 0.31178
0.489 0.326917
0.49 0.342195
0.491 0.357602
0.492 0.373127
0.493 0.388756
0.494 0.404476
0.495 0.420276
0.496 0.436141
0.497 0.45206
0.498 0.468018
0.499 0.484002
0.5 0.5
0.501 0.515998
0.502 0.531982
0.503 0.54794
0.504 0.563859
0.505 0.579724
0.506 0.595524
0.507 0.611244
0.508 0.626873
0.509 0.642398
0.51 0.657805
0.511 0.673083
0.512 0.68822
0.513 0.703202
0.514 0.71802
0.515 0.73266
0.516 0.747112
0.517 0.761365
0.518 0.775408
0.519 0.78923
0.52 0.802822
0.521 0.816174
0.522 0.829276
0.523 0.842119
0.524 0.854694
0.525 0.866994
0.526 0.87901
0.527 0.890735
0.528 0.902161
0.529 0.913282
0.53 0.924092
0.531 0.934585
0.532 0.944756
0.533 0.954598
0.534 0.964109
0.535 0.973284
0.536 0.98212
0.537 0.990613
0.538 0.998761
0.539 1.00656
0.54 1.01401
0.541 1.02111
0.542 1.02787
0.543 1.03427
0.544 1.04031
0.545 1.04601
0.546 1.05136
0.547 1.05636
0.548 1.06102
0.549 1.06533
0.55 1.06931
0.551 1.07294
0.552 1.07625
0.553 1.07922
0.554 1.08187
0.555 1.0842
0.556 1.08622
0.557 1.08793
0.558 1.08934
0.559 1.09045
0.56 1.09127
0.561 1.09181
0.562 1.09208
0.563 1.09208
0.564 1.09182
0.565 1.09131
0.566 1.09056
0.567 1.08958
0.568 1.08837
0.569 1.08695
0.57 1.08532
0.571 1.08349
0.572 1.08148
0.573 1.07929
0.574 1.07693
0.575 1.07442
0.576 1.07176
0.577 1.06896
0.578 1.06603
0.579 1.06299
0.58 1.05984
0.581 1.0566
0.582 1.05326
0.583 1.04986
0.584 1.04638
0.585 1.04285
0.586 1.03928
0.587 1.03566
0.588 1.03202
0.589 1.02837
0.59 1.0247
0.591 1.02104
0.592 1.01738
0.593 1.01375
0.594 1.01014
0.595 1.00657
0.596 1.00304
0.597 0.999563
0.598 0.996146
0.599 0.992797
0.6 0.989522
0.601 0.986327
0.602 0.98322
0.603 0.980206
0.604 0.977292
0.605 0.974482
0.606 0.971783
0.607 0.969199
0.608 0.966735
0.609 0.964394
0.61 0.962181
0.611 0.960099
0.612 0.958152
0.613 0.956342
0.614 0.954672
0.615 0.953143
0.616 0.951758
0.617 0.950518
0.618 0.949424
0.619 0.948477
0.62 0.947677
0.621 0.947024
0.622 0.946518
0.623 0.946157
0.624 0.945942
0.625 0.945871
0.626 0.945942
0.627 0.946153
0.628 0.946502
0.629 0.946986
0.63 0.947603
0.631 0.94835
0.632 0.949222
0.633 0.950218
0.634 0.951332
0.635 0.95256
0.636 0.953899
0.637 0.955344
0.638 0.956889
0.639 0.958531
0.64 0.960264
0.641 0.962083
0.642 0.963983
0.643 0.965957
0.644 0.968001
0.645 0.970108
0.646 0.972273
0.647 0.97449
0.648 0.976753
0.649 0.979055
0.65 0.981391
0.651 0.983755
0.652 0.986141
0.653 0.988542
0.654 0.990952
0.655 0.993366
0.656 0.995777
0.657 0.998179
0.658 1.00057
0.659 1.00294
0.66 1.00528
0.661 1.00759
0.662 1.00986
0.663 1.01209
0.664 1.01427
0.665 1.0164
0.666 1.01848
0.667 1.02049
0.668 1.02243
0.669 1.0243
0.67 1.0261
0.671 1.02782
0.672 1.02946
0.673 1.031
0.674 1.03246
0.675 1.03383
0.676 1.0351
0.677 1.03627
0.678 1.03735
0.679 1.03832
0.68 1.03918
0.681 1.03994
0.682 1.0406
0.683 1.04114
0.684 1.04158
0.685 1.04191
0.686 1.04213
0.687 1.04224
0.688 1.04224
0.689 1.04213
0.69 1.04191
0.691 1.04159
0.692 1.04116
0.693 1.04063
0.694 1.04
0.695 1.03926
0.696 1.03843
0.697 1.03751
0.698 1.03649
0.699 1.03538
0.7 1.03419
0.701 1.03291
0.702 1.03155
0.703 1.03012
0.704 1.02862
0.705 1.02704
0.706 1.02541
0.707 1.02371
0.708 1.02196
0.709 1.02016
0.71 1.01831
0.711 1.01643
0.712 1.0145
0.713 1.01255
0.714 1.01056
0.715 1.00856
0.716 1.00654
0.717 1.00451
0.718 1.00247
0.719 1.00043
0.72 0.998393
0.721 0.996367
0.722 0.994354
0.723 0.99236
0.724 0.990389
0.725 0.988448
0.726 0.986539
0.727 0.984669
0.728 0.982841
0.729 0.981061
0.73 0.979331
0.731 0.977658
0.732 0.976044
0.733 0.974494
0.734 0.973011
0.735 0.971599
0.736 0.970262
0.737 0.969002
0.738 0.967823
0.739 0.966727
0.74 0.965718
0.741 0.964797
0.742 0.963967
0.743 0.96323
0.744 0.962588
0.745 0.962042
0.746 0.961593
0.747 0.961243
0.748 0.960992
0.749 0.960842
0.75 0.960791
0.751 0.960842
0.752 0.960992
0.753 0.961243
0.754 0.961593
0.755 0.962042
0.756 0.962588
0.757 0.96323
0.758 0.963967
0.759 0.964797
0.76 0.965718
0.761 0.966727
0.762 0.967823
0.763 0.969002
0.764 0.970262
0.765 0.971599
0.766 0.973011
0.767 0.974494
0.768 0.976044
0.769 0.977658
0.77 0.979331
0.771 0.981061
0.772 0.982841
0.773 0.984669
0.774 0.986539
0.775 0.988448
0.776 0.990389
0.777 0.99236
0.778 0.994354
0.779 0.996367
0.78 0.998393
0.781 1.00043
0.782 1.00247
0.783 1.00451
0.784 1.00654
0.785 1.00856
0.786 1.01056
0.787 1.01255
0.788 1.0145
0.789 1.01643
0.79 1.01831
0.791 1.02016
0.792 1.02196
0.793 1.02371
0.794 1.02541
0.795 1.02704
0.796 1.02862
0.797 1.03012
0.798 1.03155
0.799 1.03291
0.8 1.03419
0.801 1.03538
0.802 1.03649
0.803 1.03751
0.804 1.03843
0.805 1.03926
0.806 1.04
0.807 1.04063
0.808 1.04116
0.809 1.04159
0.81 1.04191
0.811 1.04213
0.812 1.04224
0.813 1.04224
0.814 1.04213
0.815 1.04191
0.816 1.04158
0.817 1.04114
0.818 1.0406
0.819 1.03994
0.82 1.03918
0.821 1.03832
0.822 1.03735
0.823 1.03627
0.824 1.0351
0.825 1.03383
0.826 1.03246
0.827 1.031
0.828 1.02946
0.829 1.02782
0.83 1.0261
0.831 1.0243
0.832 1.02243
0.833 1.02049
0.834 1.01848
0.835 1.0164
0.836 1.01427
0.837 1.01209
0.838 1.00986
0.839 1.00759
0.84 1.00528
0.841 1.00294
0.842 1.00057
0.843 0.998179
0.844 0.995777
0.845 0.993366
0.846 0.990952
0.847 0.988542
0.848 0.986141
0.849 0.983755
0.85 0.981391
0.851 0.979055
0.852 0.976753
0.853 0.97449
0.854 0.972273
0.855 0.970108
0.856 0.968001
0.857 0.965957
0.858 0.963983
0.859 0.962083
0.86 0.960264
0.861 0.958531
0.862 0.956889
0.863 0.955344
0.864 0.953899
0.865 0.95256
0.866 0.951332
0.867 0.950218
0.868 0.949222
0.869 0.94835
0.87 0.947603
0.871 0.946986
0.872 0.946502
0.873 0.946153
0.874 0.945942
0.875 0.945871
0.876 0.945942
0.877 0.946157
0.878 0.946518
0.879 0.947024
0.88 0.947677
0.881 0.948477
0.882 0.949424
0.883 0.950518
0.884 0.951758
0.885 0.953143
0.886 0.954672
0.887 0.956342
0.888 0.958152
0.889 0.960099
0.89 0.962181
0.891 0.964394
0.892 0.966735
0.893 0.969199
0.894 0.971783
0.895 0.974482
0.896 0.977292
0.897 0.980206
0.898 0.98322
0.899 0.986327
0.9 0.989522
0.901 0.992797
0.902 0.996146
0.903 0.999563
0.904 1.00304
0.905 1.00657
0.906 1.01014
0.907 1.01375
0.908 1.01738
0.909 1.02104
0.91 1.0247
0.911 1.02837
0.912 1.03202
0.913 1.03566
0.914 1.03928
0.915 1.04285
0.916 1.04638
0.917 1.04986
0.918 1.05326
0.919 1.0566
0.92 1.05984
0.921 1.06299
0.922 1.06603
0.923 1.06896
0.924 1.07176
0.925 1.07442
0.926 1.07693
0.927 1.07929
0.928 1.08148
0.929 1.08349
0.93 1.08532
0.931 1.08695
0.932 1.08837
0.933 1.08958
0.934 1.09056
0.935 1.09131
0.936 1.09182
0.937 1.09208
0.938 1.09208
0.939 1.09181
0.94 1.09127
0.941 1.09045
0.942 1.08934
0.943 1.08793
0.944 1.08622
0.945 1.0842
0.946 1.08187
0.947 1.07922
0.948 1.07625
0.949 1.07294
0.95 1.06931
0.951 1.06533
0.952 1.06102
0.953 1.05636
0.954 1.05136
0.955 1.04601
0.956 1.04031
0.957 1.03427
0.958 1.02787
0.959 1.02111
0.96 1.01401
0.961 1.00656
0.962 0.998761
0.963 0.990613
0.964 0.98212
0.965 0.973284
0.966 0.964109
0.967 0.954598
0.968 0.944756
0.969 0.934585
0.97 0.924092
0.971 0.913282
0.972 0.902161
0.973 0.890735
0.974 0.87901
0.975 0.866994
0.976 0.854694
0.977 0.842119
0.978 0.829276
0.979 0.816174
0.98 0.802822
0.981 0.78923
0.982 0.775408
0.983 0.761365
0.984 0.747112
0.985 0.73266
0.986 0.71802
0.987 0.703202
0.988 0.68822
0.989 0.673083
0.99 0.657805
0.991 0.642398
0.992 0.626873
0.993 0.611244
0.994 0.595524
0.995 0.579724
0.996 0.563859
0.997 0.54794
0.998 0.531982
0.999 0.515998
1 0.5
1.001 0.484002
1.002 0.468018
1.003 0.45206
1.004 0.436141
1.005 0.420276
1.006 0.404476
1.007 0.388756
1.008 0.373127
1.009 0.357602
1.01 0.342195
1.011 0.326917
1.012 0.31178
1.013 0.296798
1.014 0.28198
1.015 0.26734
1.016 0.252888
1.017 0.238635
1.018 0.224592
1.019 0.21077
1.02 0.197178
1.021 0.183826
1.022 0.170724
1.023 0.157881
1.024 0.145306
1.025 0.133006
1.026 0.12099
1.027 0.109265
1.028 0.097839
1.029 0.0867177
1.03 0.0759077
1.031 0.0654148
1.032 0.0552445
1.033 0.0454016
1.034 0.0358906
1.035 0.0267155
1.036 0.0178799
1.037 0.00938683
1.038 0.00123892
1.039 -0.0065617
1.04 -0.0140134
1.041 -0.0211149
1.042 -0.0278655
1.043 -0.034265
1.044 -0.0403136
1.045 -0.046012
1.046 -0.0513612
1.047 -0.0563629
1.048 -0.0610192
1.049 -0.0653324
1.05 -0.0693056
1.051 -0.0729421
1.052 -0.0762456
1.053 -0.0792203
1.054 -0.0818709
1.055 -0.0842022
1.056 -0.0862197
1.057 -0.0879291
1.058 -0.0893365
1.059 -0.0904483
1.06 -0.0912713
1.061 -0.0918126
1.062 -0.0920796
1.063 -0.0920799
1.064 -0.0918216
1.065 -0.0913128
1.066 -0.0905621
1.067 -0.0895781
1.068 -0.0883699
1.069 -0.0869464
1.07 -0.085317
1.071 -0.0834912
1.072 -0.0814786
1.073 -0.0792889
1.074 -0.076932
1.075 -0.0744179
1.076 -0.0717566
1.077 -0.0689581
1.078 -0.0660327
1.079 -0.0629904
1.08 -0.0598416
1.081 -0.0565962
1.082 -0.0532646
1.083 -0.0498568
1.084 -0.0463827
1.085 -0.0428525
1.086 -0.039276
1.087 -0.0356629
1.088 -0.0320228
1.089 -0.0283654
1.09 -0.0246999
1.091 -0.0210356
1.092 -0.0173813
1.093 -0.0137461
1.094 -0.0101383
1.095 -0.00656645
1.096 -0.00303863
1.097 0.000437247
1.098 0.00385356
1.099 0.00720294
1.1 0.0104783
1.101 0.0136729
1.102 0.0167801
1.103 0.0197938
1.104 0.0227082
1.105 0.0255176
1.106 0.0282168
1.107 0.030801
1.108 0.0332655
1.109 0.0356061
1.11 0.037819
1.111 0.0399007
1.112 0.041848
1.113 0.043658
1.114 0.0453283
1.115 0.0468568
1.116 0.0482417
1.117 0.0494816
1.118 0.0505755
1.119 0.0515228
1.12 0.0523229
1.121 0.052976
1.122 0.0534823
1.123 0.0538425
1.124 0.0540577
1.125 0.0541291
1.126 0.0540583
1.127 0.0538473
1.128 0.0534984
1.129 0.053014
1.13 0.052397
1.131 0.0516504
1.132 0.0507777
1.133 0.0497825
1.134 0.0486685
1.135 0.0474399
1.136 0.046101
1.137 0.0446563
1.138 0.0431105
1.139 0.0414686
1.14 0.0397355
1.141 0.0379166
1.142 0.0360172
1.143 0.0340429
1.144 0.0319992
1.145 0.0298919
1.146 0.0277269
1.147 0.0255101
1.148 0.0232474
1.149 0.0209448
1.15 0.0186085
1.151 0.0162446
1.152 0.0138591
1.153 0.0114581
1.154 0.0090477
1.155 0.00663399
1.156 0.00422294
1.157 0.00182052
1.158 -0.000567414
1.159 -0.00293506
1.16 -0.00527672
1.161 -0.0075868
1.162 -0.00985982
1.163 -0.0120905
1.164 -0.0142735
1.165 -0.0164039
1.166 -0.0184768
1.167 -0.0204874
1.168 -0.0224313
1.169 -0.024304
1.17 -0.0261015
1.171 -0.0278198
1.172 -0.0294552
1.173 -0.0310043
1.174 -0.0324636
1.175 -0.0338303
1.176 -0.0351015
1.177 -0.0362746
1.178 -0.0373475
1.179 -0.0383179
1.18 -0.0391842
1.181 -0.0399449
1.182 -0.0405985
1.183 -0.0411442
1.184 -0.0415812
1.185 -0.041909
1.186 -0.0421274
1.187 -0.0422365
1.188 -0.0422365
1.189 -0.0421281
1.19 -0.041912
1.191 -0.0415893
1.192 -0.0411613
1.193 -0.0406297
1.194 -0.0399962
1.195 -0.0392629
1.196 -0.038432
1.197 -0.037506
1.198 -0.0364877
1.199 -0.03538
1.2 -0.034186
1.201 -0.032909
1.202 -0.0315526
1.203 -0.0301203
1.204 -0.0286161
1.205 -0.027044
1.206 -0.025408
1.207 -0.0237126
1.208 -0.0219621
1.209 -0.020161
1.21 -0.018314
1.211 -0.0164259
1.212 -0.0145014
1.213 -0.0125454
1.214 -0.010563
1.215 -0.008559
1.216 -0.00653855
1.217 -0.00450669
1.218 -0.00246849
1.219 -0.000429044
1.22 0.00160659
1.221 0.00363337
1.222 0.00564628
1.223 0.00764034
1.224 0.00961066
1.225 0.0115524
1.226 0.0134607
1.227 0.015331
1.228 0.0171587
1.229 0.0189394
1.23 0.0206686
1.231 0.0223421
1.232 0.023956
1.233 0.0255062
1.234 0.0269891
1.235 0.0284009
1.236 0.0297384
1.237 0.0309982
1.238 0.0321772
1.239 0.0332728
1.24 0.0342821
1.241 0.0352028
1.242 0.0360327
1.243 0.0367697
1.244 0.037412
1.245 0.0379582
1.246 0.0384069
1.247 0.038757
1.248 0.0390076
1.249 0.0391583
1.25 0.0392085
1.251 0.0391583
1.252 0.0390076
1.253 0.038757
1.254 0.0384069
1.255 0.0379582
1.256 0.037412
1.257 0.0367697
1.258 0.0360327
1.259 0.0352028
1.26 0.0342821
1.261 0.0332728
1.262 0.0321772
1.263 0.0309982
1.264 0.0297384
1.265 0.0284009
1.266 0.0269891
1.267 0.0255062
1.268 0.023956
1.269 0.0223421
1.27 0.0206686
1.271 0.0189394
1.272 0.0171587
1.273 0.015331
1.274 0.0134607
1.275 0.0115524
1.276 0.00961066
1.277 0.00764034
1.278 0.00564628
1.279 0.00363337
1.28 0.00160659
1.281 -0.000429044
1.282 -0.00246849
1.283 -0.00450669
1.284 -0.00653855
1.285 -0.008559
1.286 -0.010563
1.287 -0.0125454
1.288 -0.0145014
1.289 -0.0164259
1.29 -0.018314
1.291 -0.020161
1.292 -0.0219621
1.293 -0.0237126
1.294 -0.025408
1.295 -0.027044
1.296 -0.0286161
1.297 -0.0301203
1.298 -0.0315526
1.299 -0.032909
1.3 -0.034186
1.301 -0.03538
1.302 -0.0364877
1.303 -0.037506
1.304 -0.038432
1.305 -0.0392629
1.306 -0.0399962
1.307 -0.0406297
1.308 -0.0411613
1.309 -0.0415893
1.31 -0.041912
1.311 -0.0421281
1.312 -0.0422365
1.313 -0.0422365
1.314 -0.0421274
1.315 -0.041909
1.316 -0.0415812
1.317 -0.0411442
1.318 -0.0405985
1.319 -0.0399449
1.32 -0.0391842
1.321 -0.0383179
1.322 -0.0373475
1.323 -0.0362746
1.324 -0.0351015
1.325 -0.0338303
1.326 -0.0324636
1.327 -0.0310043
1.328 -0.0294552
1.329 -0.0278198
1.33 -0.0261015
1.331 -0.024304
1.332 -0.0224313
1.333 -0.0204874
1.334 -0.0184768
1.335 -0.0164039
1.336 -0.0142735
1.337 -0.0120905
1.338 -0.00985982
1.339 -0.0075868
1.34 -0.00527672
1.341 -0.00293506
1.342 -0.000567414
1.343 0.00182052
1.344 0.00422294
1.345 0.00663399
1.346 0.0090477
1.347 0.0114581
1.348 0.0138591
1.349 0.0162446
1.35 0.0186085
1.351 0.0209448
1.352 0.0232474
1.353 0.0255101
1.354 0.0277269
1.355 0.0298919
1.356 0.0319992
1.357 0.0340429
1.358 0.0360172
1.359 0.0379166
1.36 0.0397355
1.361 0.0414686
1.362 0.0431105
1.363 0.0446563
1.364 0.046101
1.365 0.0474399
1.366 0.0486685
1.367 0.0497825
1.368 0.0507777
1.369 0.0516504
1.37 0.052397
1.371 0.053014
1.372 0.0534984
1.373 0.0538473
1.374 0.0540583
1.375 0.0541291
1.376 0.0540577
1.377 0.0538425
1.378 0.0534823
1.379 0.052976
1.38 0.0523229
1.381 0.0515228
1.382 0.0505755
1.383 0.0494816
1.384 0.0482417
1.385 0.0468568
1.386 0.0453283
1.387 0.043658
1.388 0.041848
1.389 0.0399007
1.39 0.037819
1.391 0.0356061
1.392 0.0332655
1.393 0.030801
1.394 0.0282168
1.395 0.0255176
1.396 0.0227082
1.397 0.0197938
1.398 0.0167801
1.399 0.0136729
1.4 0.0104783
1.401 0.00720294
1.402 0.00385356
1.403 0.000437247
1.404 -0.00303863
1.405 -0.00656645
1.406 -0.0101383
1.407 -0.0137461
1.408 -0.0173813
1.409 -0.0210356
1.41 -0.0246999
1.411 -0.0283654
1.412 -0.0320228
1.413 -0.0356629
1.414 -0.039276
1.415 -0.0428525
1.416 -0.0463827
1.417 -0.0498568
1.418 -0.0532646
1.419 -0.0565962
1.42 -0.0598416
1.421 -0.0629904
1.422 -0.0660327
1.423 -0.0689581
1.424 -0.0717566
1.425 -0.0744179
1.426 -0.076932
1.427 -0.0792889
1.428 -0.0814786
1.429 -0.0834912
1.43 -0.085317
1.431 -0.0869464
1.432 -0.0883699
1.433 -0.0895781
1.434 -0.0905621
1.435 -0.0913128
1.436 -0.0918216
1.437 -0.0920799
1.438 -0.0920796
1.439 -0.0918126
1.44 -0.0912713
1.441 -0.0904483
1.442 -0.0893365
1.443 -0.0879291
1.444 -0.0862197
1.445 -0.0842022
1.446 -0.0818709
1.447 -0.0792203
1.448 -0.0762456
1.449 -0.0729421
1.45 -0.0693056
1.451 -0.0653324
1.452 -0.0610192
1.453 -0.0563629
1.454 -0.0513612
1.455 -0.046012
1.456 -0.0403136
1.457 -0.034265
1.458 -0.0278655
1.459 -0.0211149
1.46 -0.0140134
1.461 -0.0065617
1.462 0.00123892
1.463 0.00938683
1.464 0.0178799
1.465 0.0267155
1.466 0.0358906
1.467 0.0454016
1.468 0.0552445
1.469 0.0654148
1.47 0.0759077
1.471 0.0867177
1.472 0.097839
1.473 0.109265
1.474 0.12099
1.475 0.133006
1.476 0.145306
1.477 0.157881
1.478 0.170724
1.479 0.183826
1.48 0.197178
1.481 0.21077
1.482 0.224592
1.483 0.238635
1.484 0.252888
1.485 0.26734
1.486 0.28198
1.487 0.296798
1.488 0.31178
1.489 0.326917
1.49 0.342195
1.491 0.357602
1.492 0.373127
1.493 0.388756
1.494 0.404476
1.495 0.420276
1.496 0.436141
1.497 0.45206
1.498 0.468018
1.499 0.484002
1.5 0.5
1.501 0.515998
1.502 0.531982
1.503 0.54794
1.504 0.563859
1.505 0.579724
1.506 0.595524
1.507 0.611244
1.508 0.626873
1.509 0.642398
1.51 0.657805
1.511 0.673083
1.512 0.68822
1.513 0.703202
1.514 0.71802
1.515 0.73266
1.516 0.747112
1.517 0.761365
1.518 0.775408
1.519 0.78923
1.52 0.802822
1.521 0.816174
1.522 0.829276
1.523 0.842119
1.524 0.854694
1.525 0.866994
1.526 0.87901
1.527 0.890735
1.528 0.902161
1.529 0.913282
1.53 0.924092
1.531 0.934585
1.532 0.944756
1.533 0.954598
1.534 0.964109
1.535 0.973284
1.536 0.98212
1.537 0.990613
1.538 0.998761
1.539 1.00656
1.54 1.01401
1.541 1.02111
1.542 1.02787
1.543 1.03427
1.544 1.04031
1.545 1.04601
1.546 1.05136
1.547 1.05636
1.548 1.06102
1.549 1.06533
1.55 1.06931
1.551 1.07294
1.552 1.07625
1.553 1.07922
1.554 1.08187
1.555 1.0842
1.556 1.08622
1.557 1.08793
1.558 1.08934
1.559 1.09045
1.56 1.09127
1.561 1.09181
1.562 1.09208
1.563 1.09208
1.564 1.09182
1.565 1.09131
1.566 1.09056
1.567 1.08958
1.568 1.08837
1.569 1.08695
1.57 1.08532
1.571 1.08349
1.572 1.08148
1.573 1.07929
1.574 1.07693
1.575 1.07442
1.576 1.07176
1.577 1.06896
1.578 1.06603
1.579 1.06299
1.58 1.05984
1.581 1.0566
1.582 1.05326
1.583 1.04986
1.584 1.04638
1.585 1.04285
1.586 1.03928
1.587 1.03566
1.588 1.03202
1.589 1.02837
1.59 1.0247
1.591 1.02104
1.592 1.01738
1.593 1.01375
1.594 1.01014
1.595 1.00657
1.596 1.00304
1.597 0.999563
1.598 0.996146
1.599 0.992797
1.6 0.989522
1.601 0.986327
1.602 0.98322
1.603 0.980206
1.604 0.977292
1.605 0.974482
1.606 0.971783
1.607 0.969199
1.608 0.966735
1.609 0.964394
1.61 0.962181
1.611 0.960099
1.612 0.958152
1.613 0.956342
1.614 0.954672
1.615 0.953143
1.616 0.951758
1.617 0.950518
1.618 0.949424
1.619 0.948477
1.62 0.947677
1.621 0.947024
1.622 0.946518
1.623 0.946157
1.624 0.945942
1.625 0.945871
1.626 0.945942
1.627 0.946153
1.628 0.946502
1.629 0.946986
1.63 0.947603
1.631 0.94835
1.632 0.949222
1.633 0.950218
1.634 0.951332
1.635 0.95256
1.636 0.953899
1.637 0.955344
1.638 0.956889
1.639 0.958531
1.64 0.960264
1.641 0.962083
1.642 0.963983
1.643 0.965957
1.644 0.968001
1.645 0.970108
1.646 0.972273
1.647 0.97449
1.648 0.976753
1.649 0.979055
1.65 0.981391
1.651 0.983755
1.652 0.986141
1.653 0.988542
1.654 0.990952
1.655 0.993366
1.656 0.995777
1.657 0.998179
1.658 1.00057
1.659 1.00294
1.66 1.00528
1.661 1.00759
1.662 1.00986
1.663 1.01209
1.664 1.01427
1.665 1.0164
1.666 1.01848
1.667 1.02049
1.668 1.02243
1.669 1.0243
1.67 1.0261
1.671 1.02782
1.672 1.02946
1.673 1.031
1.674 1.03246
1.675 1.03383
1.676 1.0351
1.677 1.03627
1.678 1.03735
1.679 1.03832
1.68 1.03918
1.681 1.03994
1.682 1.0406
1.683 1.04114
1.684 1.04158
1.685 1.04191
1.686 1.04213
1.687 1.04224
1.688 1.04224
1.689 1.04213
1.69 1.04191
1.691 1.04159
1.692 1.04116
1.693 1.04063
1.694 1.04
1.695 1.03926
1.696 1.03843
1.697 1.03751
1.698 1.03649
1.699 1.03538
1.7 1.03419
1.701 1.03291
1.702 1.03155
1.703 1.03012
1.704 1.02862
1.705 1.02704
1.706 1.02541
1.707 1.02371
1.708 1.02196
1.709 1.02016
1.71 1.01831
1.711 1.01643
1.712 1.0145
1.713 1.01255
1.714 1.01056
1.715 1.00856
1.716 1.00654
1.717 1.00451
1.718 1.00247
1.719 1.00043
1.72 0.998393
1.721 0.996367
1.722 0.994354
1.723 0.99236
1.724 0.990389
1.725 0.988448
1.726 0.986539
1.727 0.984669
1.728 0.982841
1.729 0.981061
1.73 0.979331
1.731 0.977658
1.732 0.976044
1.733 0.974494
1.734 0.973011
1.735 0.971599
1.736 0.970262
1.737 0.969002
1.738 0.967823
1.739 0.966727
1.74 0.965718
1.741 0.964797
1.742 0.963967
1.743 0.96323
1.744 0.962588
1.745 0.962042
1.746 0.961593
1.747 0.961243
1.748 0.960992
1.749 0.960842
1.75 0.960791
1.751 0.960842
1.752 0.960992
1.753 0.961243
1.754 0.961593
1.755 0.962042
1.756 0.962588
1.757 0.96323
1.758 0.963967
1.759 0.964797
1.76 0.965718
1.761 0.966727
1.762 0.967823
1.763 0.969002
1.764 0.970262
1.765 0.971599
1.766 0.973011
1.767 0.974494
1.768 0.976044
1.769 0.977658
1.77 0.979331
1.771 0.981061
1.772 0.982841
1.773 0.984669
1.774 0.986539
1.775 0.988448
1.776 0.990389
1.777 0.99236
1.778 0.994354
1.779 0.996367
1.78 0.998393
1.781 1.00043
1.782 1.00247
1.783 1.00451
1.784 1.00654
1.785 1.00856
1.786 1.01056
1.787 1.01255
1.788 1.0145
1.789 1.01643
1.79 1.01831
1.791 1.02016
1.792 1.02196
1.793 1.02371
1.794 1.02541
1.795 1.02704
1.796 1.02862
1.797 1.03012
1.798 1.03155
1.799 1.03291
1.8 1.03419
1.801 1.03538
1.802 1.03649
1.803 1.03751
1.804 1.03843
1.805 1.03926
1.806 1.04
1.807 1.04063
1.808 1.04116
1.809 1.04159
1.81 1.04191
1.811 1.04213
1.812 1.04224
1.813 1.04224
1.814 1.04213
1.815 1.04191
1.816 1.04158
1.817 1.04114
1.818 1.0406
1.819 1.03994
1.82 1.03918
1.821 1.03832
1.822 1.03735
1.823 1.03627
1.824 1.0351
1.825 1.03383
1.826 1.03246
1.827 1.031
1.828 1.02946
1.829 1.02782
1.83 1.0261
1.831 1.0243
1.832 1.02243
1.833 1.02049
1.834 1.01848
1.835 1.0164
1.836 1.01427
1.837 1.01209
1.838 1.00986
1.839 1.00759
1.84 1.00528
1.841 1.00294
1.842 1.00057
1.843 0.998179
1.844 0.995777
1.845 0.993366
1.846 0.990952
1.847 0.988542
1.848 0.986141
1.849 0.983755
1.85 0.981391
1.851 0.979055
1.852 0.976753
1.853 0.97449
1.854 0.972273
1.855 0.970108
1.856 0.968001
1.857 0.965957
1.858 0.963983
1.859 0.962083
1.86 0.960264
1.861 0.958531
1.862 0.956889
1.863 0.955344
1.864 0.953899
1.865 0.95256
1.866 0.951332
1.867 0.950218
1.868 0.949222
1.869 0.94835
1.87 0.947603
1.871 0.946986
1.872 0.946502
1.873 0.946153
1.874 0.945942
1.875 0.945871
1.876 0.945942
1.877 0.946157
1.878 0.946518
1.879 0.947024
1.88 0.947677
1.881 0.948477
1.882 0.949424
1.883 0.950518
1.884 0.951758
1.885 0.953143
1.886 0.954672
1.887 0.956342
1.888 0.958152
1.889 0.960099
1.89 0.962181
1.891 0.964394
1.892 0.966735
1.893 0.969199
1.894 0.971783
1.895 0.974482
1.896 0.977292
1.897 0.980206
1.898 0.98322
1.899 0.986327
1.9 0.989522
1.901 0.992797
1.902 0.996146
1.903 0.999563
1.904 1.00304
1.905 1.00657
1.906 1.01014
1.907 1.01375
1.908 1.01738
1.909 1.02104
1.91 1.0247
1.911 1.02837
1.912 1.03202
1.913 1.03566
1.914 1.03928
1.915 1.04285
1.916 1.04638
1.917 1.04986
1.918 1.05326
1.919 1.0566
1.92 1.05984
1.921 1.06299
1.922 1.06603
1.923 1.06896
1.924 1.07176
1.925 1.07442
1.926 1.07693
1.927 1.07929
1.928 1.08148
1.929 1.08349
1.93 1.08532
1.931 1.08695
1.932 1.08837
1.933 1.08958
1.934 1.09056
1.935 1.09131
1.936 1.09182
1.937 1.09208
1.938 1.09208
1.939 1.09181
1.94 1.09127
1.941 1.09045
1.942 1.08934
1.943 1.08793
1.944 1.08622
1.945 1.0842
1.946 1.08187
1.947 1.07922
1.948 1.07625
1.949 1.07294
1.95 1.06931
1.951 1.06533
1.952 1.06102
1.953 1.05636
1.954 1.05136
1.955 1.04601
1.956 1.04031
1.957 1.03427
1.958 1.02787
1.959 1.02111
1.96 1.01401
1.961 1.00656
1.962 0.998761
1.963 0.990613
1.964 0.98212
1.965 0.973284
1.966 0.964109
1.967 0.954598
1.968 0.944756
1.969 0.934585
1.97 0.924092
1.971 0.913282
1.972 0.902161
1.973 0.890735
1.974 0.87901
1.975 0.866994
1.976 0.854694
1.977 0.842119
1.978 0.829276
1.979 0.816174
1.98 0.802822
1.981 0.78923
1.982 0.775408
1.983 0.761365
1.984 0.747112
1.985 0.73266
1.986 0.71802
1.987 0.703202
1.988 0.68822
1.989 0.673083
1.99 0.657805
1.991 0.642398
1.992 0.626873
1.993 0.611244
1.994 0.595524
1.995 0.579724
1.996 0.563859
1.997 0.54794
1.998 0.531982
1.999 0.515998
2 0.5
2.001 0.484002
2.002 0.468018
2.003 0.45206
2.004 0.436141
2.005 0.420276
2.006 0.404476
2.007 0.388756
2.008 0.373127
2.009 0.357602
2.01 0.342195
2.011 0.326917
2.012 0.31178
2.013 0.296798
2.014 0.28198
2.015 0.26734
2.016 0.252888
2.017 0.238635
2.018 0.224592
2.019 0.21077
2.02 0.197178
2.021 0.183826
2.022 0.170724
2.023 0.157881
2.024 0.145306
2.025 0.133006
2.026 0.12099
2.027 0.109265
2.028 0.097839
2.029 0.0867177
2.03 0.0759077
2.031 0.0654148
2.032 0.0552445
2.033 0.0454016
2.034 0.0358906
2.035 0.0267155
2.036 0.0178799
2.037 0.00938683
2.038 0.00123892
2.039 -0.0065617
2.04 -0.0140134
2.041 -0.0211149
2.042 -0.0278655
2.043 -0.034265
2.044 -0.0403136
2.045 -0.046012
2.046 -0.0513612
2.047 -0.0563629
2.048 -0.0610192
2.049 -0.0653324
2.05 -0.0693056
2.051 -0.0729421
2.052 -0.0762456
2.053 -0.0792203
2.054 -0.0818709
2.055 -0.0842022
2.056 -0.0862197
2.057 -0.0879291
2.058 -0.0893365
2.059 -0.0904483
2.06 -0.0912713
2.061 -0.0918126
2.062 -0.0920796
2.063 -0.0920799
2.064 -0.0918216
2.065 -0.0913128
2.066 -0.0905621
2.067 -0.0895781
2.068 -0.0883699
2.069 -0.0869464
2.07 -0.085317
2.071 -0.0834912
2.072 -0.0814786
2.073 -0.0792889
2.074 -0.076932
2.075 -0.0744179
2.076 -0.0717566
2.077 -0.0689581
2.078 -0.0660327
2.079 -0.0629904
2.08 -0.0598416
2.081 -0.0565962
2.082 -0.0532646
2.083 -0.0498568
2.084 -0.0463827
2.085 -0.0428525
2.086 -0.039276
2.087 -0.0356629
2.088 -0.0320228
2.089 -0.0283654
2.09 -0.0246999
2.091 -0.0210356
2.092 -0.0173813
2.093 -0.0137461
2.094 -0.0101383
2.095 -0.00656645
2.096 -0.00303863
2.097 0.000437247
2.098 0.00385356
2.099 0.00720294
2.1 0.0104783
2.101 0.0136729
2.102 0.0167801
2.103 0.0197938
2.104 0.0227082
2.105 0.0255176
2.106 0.0282168
2.107 0.030801
2.108 0.0332655
2.109 0.0356061
2.11 0.037819
2.111 0.0399007
2.112 0.041848
2.113 0.043658
2.114 0.0453283
2.115 0.0468568
2.116 0.0482417
2.117 0.0494816
2.118 0.0505755
2.119 0.0515228
2.12 0.0523229
2.121 0.052976
2.122 0.0534823
2.123 0.0538425
2.124 0.0540577
2.125 0.0541291
2.126 0.0540583
2.127 0.0538473
2.128 0.0534984
2.129 0.053014
2.13 0.052397
2.131 0.0516504
2.132 0.0507777
2.133 0.0497825
2.134 0.0486685
2.135 0.0474399
2.136 0.046101
2.137 0.0446563
2.138 0.0431105
2.139 0.0414686
2.14 0.0397355
2.141 0.0379166
2.142 0.0360172
2.143 0.0340429
2.144 0.0319992
2.145 0.0298919
2.146 0.0277269
2.147 0.0255101
2.148 0.0232474
2.149 0.0209448
2.15 0.0186085
2.151 0.0162446
2.152 0.0138591
2.153 0.0114581
2.154 0.0090477
2.155 0.00663399
2.156 0.00422294
2.157 0.00182052
2.158 -0.000567414
2.159 -0.00293506
2.16 -0.00527672
2.161 -0.0075868
2.162 -0.00985982
2.163 -0.0120905
2.164 -0.0142735
2.165 -0.0164039
2.166 -0.0184768
2.167 -0.0204874
2.168 -0.0224313
2.169 -0.024304
2.17 -0.0261015
2.171 -0.0278198
2.172 -0.0294552
2.173 -0.0310043
2.174 -0.0324636
2.175 -0.0338303
2.176 -0.0351015
2.177 -0.0362746
2.178 -0.0373475
2.179 -0.0383179
2.18 -0.0391842
2.181 -0.0399449
2.182 -0.0405985
2.183 -0.0411442
2.184 -0.0415812
2.185 -0.041909
2.186 -0.0421274
2.187 -0.0422365
2.188 -0.0422365
2.189 -0.0421281
2.19 -0.041912
2.191 -0.0415893
2.192 -0.0411613
2.193 -0.0406297
2.194 -0.0399962
2.195 -0.0392629
2.196 -0.038432
2.197 -0.037506
2.198 -0.0364877
2.199 -0.03538
2.2 -0.034186
2.201 -0.032909
2.202 -0.0315526
2.203 -0.0301203
2.204 -0.0286161
2.205 -0.027044
2.206 -0.025408
2.207 -0.0237126
2.208 -0.0219621
2.209 -0.020161
2.21 -0.018314
2.211 -0.0164259
2.212 -0.0145014
2.213 -0.0125454
2.214 -0.010563
2.215 -0.008559
2.216 -0.00653855
2.217 -0.00450669
2.218 -0.00246849
2.219 -0.000429044
2.22 0.00160659
2.221 0.00363337
2.222 0.00564628
2.223 0.00764034
2.224 0.00961066
2.225 0.0115524
2.226 0.0134607
2.227 0.015331
2.228 0.0171587
2.229 0.0189394
2.23 0.0206686
2.231 0.0223421
2.232 0.023956
2.233 0.0255062
2.234 0.0269891
2.235 0.0284009
2.236 0.0297384
2.237 0.0309982
2.238 0.0321772
2.239 0.0332728
2.24 0.0342821
2.241 0.0352028
2.242 0.0360327
2.243 0.0367697
2.244 0.037412
2.245 0.0379582
2.246 0.0384069
2.247 0.038757
2.248 0.0390076
2.249 0.0391583
2.25 0.0392085
2.251 0.0391583
2.252 0.0390076
2.253 0.038757
2.254 0.0384069
2.255 0.0379582
2.256 0.037412
2.257 0.0367697
2.258 0.0360327
2.259 0.0352028
2.26 0.0342821
2.261 0.0332728
2.262 0.0321772
2.263 0.0309982
2.264 0.0297384
2.265 0.0284009
2.266 0.0269891
2.267 0.0255062
2.268 0.023956
2.269 0.0223421
2.27 0.0206686
2.271 0.0189394
2.272 0.0171587
2.273 0.015331
2.274 0.0134607
2.275 0.0115524
2.276 0.00961066
2.277 0.00764034
2.278 0.00564628
2.279 0.00363337
2.28 0.00160659
2.281 -0.000429044
2.282 -0.00246849
2.283 -0.00450669
2.284 -0.00653855
2.285 -0.008559
2.286 -0.010563
2.287 -0.0125454
2.288 -0.0145014
2.289 -0.0164259
2.29 -0.018314
2.291 -0.020161
2.292 -0.0219621
2.293 -0.0237126
2.294 -0.025408
2.295 -0.027044
2.296 -0.0286161
2.297 -0.0301203
2.298 -0.0315526
2.299 -0.032909
2.3 -0.034186
2.301 -0.03538
2.302 -0.0364877
2.303 -0.037506
2.304 -0.038432
2.305 -0.0392629
2.306 -0.0399962
2.307 -0.0406297
2.308 -0.0411613
2.309 -0.0415893
2.31 -0.041912
2.311 -0.0421281
2.312 -0.0422365
2.313 -0.0422365
2.314 -0.0421274
2.315 -0.041909
2.316 -0.0415812
2.317 -0.0411442
2.318 -0.0405985
2.319 -0.0399449
2.32 -0.0391842
2.321 -0.0383179
2.322 -0.0373475
2.323 -0.0362746
2.324 -0.0351015
2.325 -0.0338303
2.326 -0.0324636
2.327 -0.0310043
2.328 -0.0294552
2.329 -0.0278198
2.33 -0.0261015
2.331 -0.024304
2.332 -0.0224313
2.333 -0.0204874
2.334 -0.0184768
2.335 -0.0164039
2.336 -0.0142735
2.337 -0.0120905
2.338 -0.00985982
2.339 -0.0075868
2.34 -0.00527672
2.341 -0.00293506
2.342 -0.000567414
2.343 0.00182052
2.344 0.00422294
2.345 0.00663399
2.346 0.0090477
2.347 0.0114581
2.348 0.0138591
2.349 0.0162446
2.35 0.0186085
2.351 0.0209448
2.352 0.0232474
2.353 0.0255101
2.354 0.0277269
2.355 0.0298919
2.356 0.0319992
2.357 0.0340429
2.358 0.0360172
2.359 0.0379166
2.36 0.0397355
2.361 0.0414686
2.362 0.0431105
2.363 0.0446563
2.364 0.046101
2.365 0.0474399
2.366 0.0486685
2.367 0.0497825
2.368 0.0507777
2.369 0.0516504
2.37 0.052397
2.371 0.053014
2.372 0.0534984
2.373 0.0538473
2.374 0.0540583
2.375 0.0541291
2.376 0.0540577
2.377 0.0538425
2.378 0.0534823
2.379 0.052976
2.38 0.0523229
2.381 0.0515228
2.382 0.0505755
2.383 0.0494816
2.384 0.0482417
2.385 0.0468568
2.386 0.0453283
2.387 0.043658
2.388 0.041848
2.389 0.0399007
2.39 0.037819
2.391 0.0356061
2.392 0.0332655
2.393 0.030801
2.394 0.0282168
2.395 0.0255176
2.396 0.0227082
2.397 0.0197938
2.398 0.0167801
2.399 0.0136729
2.4 0.0104783
2.401 0.00720294
2.402 0.00385356
2.403 0.000437247
2.404 -0.00303863
2.405 -0.00656645
2.406 -0.0101383
2.407 -0.0137461
2.408 -0.0173813
2.409 -0.0210356
2.41 -0.0246999
2.411 -0.0283654
2.412 -0.0320228
2.413 -0.0356629
2.414 -0.039276
2.415 -0.0428525
2.416 -0.0463827
2.417 -0.0498568
2.418 -0.0532646
2.419 -0.0565962
2.42 -0.0598416
2.421 -0.0629904
2.422 -0.0660327
2.423 -0.0689581
2.424 -0.0717566
2.425 -0.0744179
2.426 -0.076932
2.427 -0.0792889
2.428 -0.0814786
2.429 -0.0834912
2.43 -0.085317
2.431 -0.0869464
2.432 -0.0883699
2.433 -0.0895781
2.434 -0.0905621
2.435 -0.0913128
2.436 -0.0918216
2.437 -0.0920799
2.438 -0.0920796
2.439 -0.0918126
2.44 -0.0912713
2.441 -0.0904483
2.442 -0.0893365
2.443 -0.0879291
2.444 -0.0862197
2.445 -0.0842022
2.446 -0.0818709
2.447 -0.0792203
2.448 -0.0762456
2.449 -0.0729421
2.45 -0.0693056
2.451 -0.0653324
2.452 -0.0610192
2.453 -0.0563629
2.454 -0.0513612
2.455 -0.046012
2.456 -0.0403136
2.457 -0.034265
2.458 -0.0278655
2.459 -0.0211149
2.46 -0.0140134
2.461 -0.0065617
2.462 0.00123892
2.463 0.00938683
2.464 0.0178799
2.465 0.0267155
2.466 0.0358906
2.467 0.0454016
2.468 0.0552445
2.469 0.0654148
2.47 0.0759077
2.471 0.0867177
2.472 0.097839
2.473 0.109265
2.474 0.12099
2.475 0.133006
2.476 0.145306
2.477 0.157881
2.478 0.170724
2.479 0.183826
2.48 0.197178
2.481 0.21077
2.482 0.224592
2.483 0.238635
2.484 0.252888
2.485 0.26734
2.486 0.28198
2.487 0.296798
2.488 0.31178
2.489 0.326917
2.49 0.342195
2.491 0.357602
2.492 0.373127
2.493 0.388756
2.494 0.404476
2.495 0.420276
2.496 0.436141
2.497 0.45206
2.498 0.468018
2.499 0.484002
2.5 0.5
2.501 0.515998
2.502 0.531982
2.503 0.54794
2.504 0.563859
2.505 0.579724
2.506 0.595524
2.507 0.611244
2.508 0.626873
2.509 0.642398
2.51 0.657805
2.511 0.673083
2.512 0.68822
2.513 0.703202
2.514 0.71802
2.515 0.73266
2.516 0.747112
2.517 0.761365
2.518 0.775408
2.519 0.78923
2.52 0.802822
2.521 0.816174
2.522 0.829276
2.523 0.842119
2.524 0.854694
2.525 0.866994
2.526 0.87901
2.527 0.890735
2.528 0.902161
2.529 0.913282
2.53 0.924092
2.531 0.934585
2.532 0.944756
2.533 0.954598
2.534 0.964109
2.535 0.973284
2.536 0.98212
2.537 0.990613
2.538 0.998761
2.539 1.00656
2.54 1.01401
2.541 1.02111
2.542 1.02787
2.543 1.03427
2.544 1.04031
2.545 1.04601
2.546 1.05136
2.547 1.05636
2.548 1.06102
2.549 1.06533
2.55 1.06931
2.551 1.07294
2.552 1.07625
2.553 1.07922
2.554 1.08187
2.555 1.0842
2.556 1.08622
2.557 1.08793
2.558 1.08934
2.559 1.09045
2.56 1.09127
2.561 1.09181
2.562 1.09208
2.563 1.09208
2.564 1.09182
2.565 1.09131
2.566 1.09056
2.567 1.08958
2.568 1.08837
2.569 1.08695
2.57 1.08532
2.571 1.08349
2.572 1.08148
2.573 1.07929
2.574 1.07693
2.575 1.07442
2.576 1.07176
2.577 1.06896
2.578 1.06603
2.579 1.06299
2.58 1.05984
2.581 1.0566
2.582 1.05326
2.583 1.04986
2.584 1.04638
2.585 1.04285
2.586 1.03928
2.587 1.03566
2.588 1.03202
2.589 1.02837
2.59 1.0247
2.591 1.02104
2.592 1.01738
2.593 1.01375
2.594 1.01014
2.595 1.00657
2.596 1.00304
2.597 0.999563
2.598 0.996146
2.599 0.992797
2.6 0.989522
2.601 0.986327
2.602 0.98322
2.603 0.980206
2.604 0.977292
2.605 0.974482
2.606 0.971783
2.607 0.969199
2.608 0.966735
2.609 0.964394
2.61 0.962181
2.611 0.960099
2.612 0.958152
2.613 0.956342
2.614 0.954672
2.615 0.953143
2.616 0.951758
2.617 0.950518
2.618 0.949424
2.619 0.948477
2.62 0.947677
2.621 0.947024
2.622 0.946518
2.623 0.946157
2.624 0.945942
2.625 0.945871
2.626 0.945942
2.627 0.946153
2.628 0.946502
2.629 0.946986
2.63 0.947603
2.631 0.94835
2.632 0.949222
2.633 0.950218
2.634 0.951332
2.635 0.95256
2.636 0.953899
2.637 0.955344
2.638 0.956889
2.639 0.958531
2.64 0.960264
2.641 0.962083
2.642 0.963983
2.643 0.965957
2.644 0.968001
2.645 0.970108
2.646 0.972273
2.647 0.97449
2.648 0.976753
2.649 0.979055
2.65 0.981391
2.651 0.983755
2.652 0.986141
2.653 0.988542
2.654 0.990952
2.655 0.993366
2.656 0.995777
2.657 0.998179
2.658 1.00057
2.659 1.00294
2.66 1.00528
2.661 1.00759
2.662 1.00986
2.663 1.01209
2.664 1.01427
2.665 1.0164
2.666 1.01848
2.667 1.02049
2.668 1.02243
2.669 1.0243
2.67 1.0261
2.671 1.02782
2.672 1.02946
2.673 1.031
2.674 1.03246
2.675 1.03383
2.676 1.0351
2.677 1.03627
2.678 1.03735
2.679 1.03832
2.68 1.03918
2.681 1.03994
2.682 1.0406
2.683 1.04114
2.684 1.04158
2.685 1.04191
2.686 1.04213
2.687 1.04224
2.688 1.04224
2.689 1.04213
2.69 1.04191
2.691 1.04159
2.692 1.04116
2.693 1.04063
2.694 1.04
2.695 1.03926
2.696 1.03843
2.697 1.03751
2.698 1.03649
2.699 1.03538
2.7 1.03419
2.701 1.03291
2.702 1.03155
2.703 1.03012
2.704 1.02862
2.705 1.02704
2.706 1.02541
2.707 1.02371
2.708 1.02196
2.709 1.02016
2.71 1.01831
2.711 1.01643
2.712 1.0145
2.713 1.01255
2.714 1.01056
2.715 1.00856
2.716 1.00654
2.717 1.00451
2.718 1.00247
2.719 1.00043
2.72 0.998393
2.721 0.996367
2.722 0.994354
2.723 0.99236
2.724 0.990389
2.725 0.988448
2.726 0.986539
2.727 0.984669
2.728 0.982841
2.729 0.981061
2.73 0.979331
2.731 0.977658
2.732 0.976044
2.733 0.974494
2.734 0.973011
2.735 0.971599
2.736 0.970262
2.737 0.969002
2.738 0.967823
2.739 0.966727
2.74 0.965718
2.741 0.964797
2.742 0.963967
2.743 0.96323
2.744 0.962588
2.745 0.962042
2.746 0.961593
2.747 0.961243
2.748 0.960992
2.749 0.960842
2.75 0.960791
2.751 0.960842
2.752 0.960992
2.753 0.961243
2.754 0.961593
2.755 0.962042
2.756 0.962588
2.757 0.96323
2.758 0.963967
2.759 0.964797
2.76 0.965718
2.761 0.966727
2.762 0.967823
2.763 0.969002
2.764 0.970262
2.765 0.971599
2.766 0.973011
2.767 0.974494
2.768 0.976044
2.769 0.977658
2.77 0.979331
2.771 0.981061
2.772 0.982841
2.773 0.984669
2.774 0.986539
2.775 0.988448
2.776 0.990389
2.777 0.99236
2.778 0.994354
2.779 0.996367
2.78 0.998393
2.781 1.00043
2.782 1.00247
2.783 1.00451
2.784 1.00654
2.785 1.00856
2.786 1.01056
2.787 1.01255
2.788 1.0145
2.789 1.01643
2.79 1.01831
2.791 1.02016
2.792 1.02196
2.793 1.02371
2.794 1.02541
2.795 1.02704
2.796 1.02862
2.797 1.03012
2.798 1.03155
2.799 1.03291
2.8 1.03419
2.801 1.03538
2.802 1.03649
2.803 1.03751
2.804 1.03843
2.805 1.03926
2.806 1.04
2.807 1.04063
2.808 1.04116
2.809 1.04159
2.81 1.04191
2.811 1.04213
2.812 1.04224
2.813 1.04224
2.814 1.04213
2.815 1.04191
2.816 1.04158
2.817 1.04114
2.818 1.0406
2.819 1.03994
2.82 1.03918
2.821 1.03832
2.822 1.03735
2.823 1.03627
2.824 1.0351
2.825 1.03383
2.826 1.03246
2.827 1.031
2.828 1.02946
2.829 1.02782
2.83 1.0261
2.831 1.0243
2.832 1.02243
2.833 1.02049
2.834 1.01848
2.835 1.0164
2.836 1.01427
2.837 1.01209
2.838 1.00986
2.839 1.00759
2.84 1.00528
2.841 1.00294
2.842 1.00057
2.843 0.998179
2.844 0.995777
2.845 0.993366
2.846 0.990952
2.847 0.988542
2.848 0.986141
2.849 0.983755
2.85 0.981391
2.851 0.979055
2.852 0.976753
2.853 0.97449
2.854 0.972273
2.855 0.970108
2.856 0.968001
2.857 0.965957
2.858 0.963983
2.859 0.962083
2.86 0.960264
2.861 0.958531
2.862 0.956889
2.863 0.955344
2.864 0.953899
2.865 0.95256
2.866 0.951332
2.867 0.950218
2.868 0.949222
2.869 0.94835
2.87 0.947603
2.871 0.946986
2.872 0.946502
2.873 0.946153
2.874 0.945942
2.875 0.945871
2.876 0.945942
2.877 0.946157
2.878 0.946518
2.879 0.947024
2.88 0.947677
2.881 0.948477
2.882 0.949424
2.883 0.950518
2.884 0.951758
2.885 0.953143
2.886 0.954672
2.887 0.956342
2.888 0.958152
2.889 0.960099
2.89 0.962181
2.891 0.964394
2.892 0.966735
2.893 0.969199
2.894 0.971783
2.895 0.974482
2.896 0.977292
2.897 0.980206
2.898 0.98322
2.899 0.986327
2.9 0.989522
2.901 0.992797
2.902 0.996146
2.903 0.999563
2.904 1.00304
2.905 1.00657
2.906 1.01014
2.907 1.01375
2.908 1.01738
2.909 1.02104
2.91 1.0247
2.911 1.02837
2.912 1.03202
2.913 1.03566
2.914 1.03928
2.915 1.04285
2.916 1.04638
2.917 1.04986
2.918 1.05326
2.919 1.0566
2.92 1.05984
2.921 1.06299
2.922 1.06603
2.923 1.06896
2.924 1.07176
2.925 1.07442
2.926 1.07693
2.927 1.07929
2.928 1.08148
2.929 1.08349
2.93 1.08532
2.931 1.08695
2.932 1.08837
2.933 1.08958
2.934 1.09056
2.935 1.09131
2.936 1.09182
2.937 1.09208
2.938 1.09208
2.939 1.09181
2.94 1.09127
2.941 1.09045
2.942 1.08934
2.943 1.08793
2.944 1.08622
2.945 1.0842
2.946 1.08187
2.947 1.07922
2.948 1.07625
2.949 1.07294
2.95 1.06931
2.951 1.06533
2.952 1.06102
2.953 1.05636
2.954 1.05136
2.955 1.04601
2.956 1.04031
2.957 1.03427
2.958 1.02787
2.959 1.02111
2.96 1.01401
2.961 1.00656
2.962 0.998761
2.963 0.990613
2.964 0.98212
2.965 0.973284
2.966 0.964109
2.967 0.954598
2.968 0.944756
2.969 0.934585
2.97 0.924092
2.971 0.913282
2.972 0.902161
2.973 0.890735
2.974 0.87901
2.975 0.866994
2.976 0.854694
2.977 0.842119
2.978 0.829276
2.979 0.816174
2.98 0.802822
2.981 0.78923
2.982 0.775408
2.983 0.761365
2.984 0.747112
2.985 0.73266
2.986 0.71802
2.987 0.703202
2.988 0.68822
2.989 0.673083
2.99 0.657805
2.991 0.642398
2.992 0.626873
2.993 0.611244
2.994 0.595524
2.995 0.579724
2.996 0.563859
2.997 0.54794
2.998 0.531982
2.999 0.515998
3 0.5
3.001 0.484002
3.002 0.468018
3.003 0.45206
3.004 0.436141
3.005 0.420276
3.006 0.404476
3.007 0.388756
3.008 0.373127
3.009 0.357602
3.01 0.342195
3.011 0.326917
3.012 0.31178
3.013 0.296798
3.014 0.28198
3.015 0.26734
3.016 0.252888
3.017 0.238635
3.018 0.224592
3.019 0.21077
3.02 0.197178
3.021 0.183826
3.022 0.170724
3.023 0.157881
3.024 0.145306
3.025 0.133006
3.026 0.12099
3.027 0.109265
3.028 0.097839
3.029 0.0867177
3.03 0.0759077
3.031 0.0654148
3.032 0.0552445
3.033 0.0454016
3.034 0.0358906
3.035 0.0267155
3.036 0.0178799
3.037 0.00938683
3.038 0.00123892
3.039 -0.0065617
3.04 -0.0140134
3.041 -0.0211149
3.042 -0.0278655
3.043 -0.034265
3.044 -0.0403136
3.045 -0.046012
3.046 -0.0513612
3.047 -0.0563629
3.048 -0.0610192
3.049 -0.0653324
3.05 -0.0693056
3.051 -0.0729421
3.052 -0.0762456
3.053 -0.0792203
3.054 -0.0818709
3.055 -0.0842022
3.056 -0.0862197
3.057 -0.0879291
3.058 -0.0893365
3.059 -0.0904483
3.06 -0.0912713
3.061 -0.0918126
3.062 -0.0920796
3.063 -0.0920799
3.064 -0.0918216
3.065 -0.0913128
3.066 -0.0905621
3.067 -0.0895781
3.068 -0.0883699
3.069 -0.0869464
3.07 -0.085317
3.071 -0.0834912
3.072 -0.0814786
3.073 -0.0792889
3.074 -0.076932
3.075 -0.0744179
3.076 -0.0717566
3.077 -0.0689581
3.078 -0.0660327
3.079 -0.0629904
3.08 -0.0598416
3.081 -0.0565962
3.082 -0.0532646
3.083 -0.0498568
3.084 -0.0463827
3.085 -0.0428525
3.086 -0.039276
3.087 -0.0356629
3.088 -0.0320228
3.089 -0.0283654
3.09 -0.0246999
3.091 -0.0210356
3.092 -0.0173813
3.093 -0.0137461
3.094 -0.0101383
3.095 -0.00656645
3.096 -0.00303863
3.097 0.000437247
3.098 0.00385356
3.099 0.00720294
3.1 0.0104783
3.101 0.0136729
3.102 0.0167801
3.103 0.0197938
3.104 0.0227082
3.105 0.0255176
3.106 0.0282168
3.107 0.030801
3.108 0.0332655
3.109 0.0356061
3.11 0.037819
3.111 0.0399007
3.112 0.041848
3.113 0.043658
3.114 0.0453283
3.115 0.0468568
3.116 0.0482417
3.117 0.0494816
3.118 0.0505755
3.119 0.0515228
3.12 0.0523229
3.121 0.052976
3.122 0.0534823
3.123 0.0538425
3.124 0.0540577
3.125 0.0541291
3.126 0.0540583
3.127 0.0538473
3.128 0.0534984
3.129 0.053014
3.13 0.052397
3.131 0.0516504
3.132 0.0507777
3.133 0.0497825
3.134 0.0486685
3.135 0.0474399
3.136 0.046101
3.137 0.0446563
3.138 0.0431105
3.139 0.0414686
3.14 0.0397355
3.141 0.0379166
3.142 0.0360172
3.143 0.0340429
3.144 0.0319992
3.145 0.0298919
3.146 0.0277269
3.147 0.0255101
3.148 0.0232474
3.149 0.0209448
3.15 0.0186085
3.151 0.0162446
3.152 0.0138591
3.153 0.0114581
3.154 0.0090477
3.155 0.00663399
3.156 0.00422294
3.157 0.00182052
3.158 -0.000567414
3.159 -0.00293506
3.16 -0.00527672
3.161 -0.0075868
3.162 -0.00985982
3.163 -0.0120905
3.164 -0.0142735
3.165 -0.0164039
3.166 -0.0184768
3.167 -0.0204874
3.168 -0.0224313
3.169 -0.024304
3.17 -0.0261015
3.171 -0.0278198
3.172 -0.0294552
3.173 -0.0310043
3.174 -0.0324636
3.175 -0.0338303
3.176 -0.0351015
3.177 -0.0362746
3.178 -0.0373475
3.179 -0.0383179
3.18 -0.0391842
3.181 -0.0399449
3.182 -0.0405985
3.183 -0.0411442
3.184 -0.0415812
3.185 -0.041909
3.186 -0.0421274
3.187 -0.0422365
3.188 -0.0422365
3.189 -0.0421281
3.19 -0.041912
3.191 -0.0415893
3.192 -0.0411613
3.193 -0.0406297
3.194 -0.0399962
3.195 -0.0392629
3.196 -0.038432
3.197 -0.037506
3.198 -0.0364877
3.199 -0.03538
3.2 -0.034186
3.201 -0.032909
3.202 -0.0315526
3.203 -0.0301203
3.204 -0.0286161
3.205 -0.027044
3.206 -0.025408
3.207 -0.0237126
3.208 -0.0219621
3.209 -0.020161
3.21 -0.018314
3.211 -0.0164259
3.212 -0.0145014
3.213 -0.0125454
3.214 -0.010563
3.215 -0.008559
3.216 -0.00653855
3.217 -0.00450669
3.218 -0.00246849
3.219 -0.000429044
3.22 0.00160659
3.221 0.00363337
3.222 0.00564628
3.223 0.00764034
3.224 0.00961066
3.225 0.0115524
3.226 0.0134607
3.227 0.015331
3.228 0.0171587
3.229 0.0189394
3.23 0.0206686
3.231 0.0223421
3.232 0.023956
3.233 0.0255062
3.234 0.0269891
3.235 0.0284009
3.236 0.0297384
3.237 0.0309982
3.238 0.0321772
3.239 0.0332728
3.24 0.0342821
3.241 0.0352028
3.242 0.0360327
3.243 0.0367697
3.244 0.037412
3.245 0.0379582
3.246 0.0384069
3.247 0.038757
3.248 0.0390076
3.249 0.0391583
3.25 0.0392085
3.251 0.0391583
3.252 0.0390076
3.253 0.038757
3.254 0.0384069
3.255 0.0379582
3.256 0.037412
3.257 0.0367697
3.258 0.0360327
3.259 0.0352028
3.26 0.0342821
3.261 0.0332728
3.262 0.0321772
3.263 0.0309982
3.264 0.0297384
3.265 0.0284009
3.266 0.0269891
3.267 0.0255062
3.268 0.023956
3.269 0.0223421
3.27 0.0206686
3.271 0.0189394
3.272 0.0171587
3.273 0.015331
3.274 0.0134607
3.275 0.0115524
3.276 0.00961066
3.277 0.00764034
3.278 0.00564628
3.279 0.00363337
3.28 0.00160659
3.281 -0.000429044
3.282 -0.00246849
3.283 -0.00450669
3.284 -0.00653855
3.285 -0.008559
3.286 -0.010563
3.287 -0.0125454
3.288 -0.0145014
3.289 -0.0164259
3.29 -0.018314
3.291 -0.020161
3.292 -0.0219621
3.293 -0.0237126
3.294 -0.025408
3.295 -0.027044
3.296 -0.0286161
3.297 -0.0301203
3.298 -0.0315526
3.299 -0.032909
3.3 -0.034186
3.301 -0.03538
3.302 -0.0364877
3.303 -0.037506
3.304 -0.038432
3.305 -0.0392629
3.306 -0.0399962
3.307 -0.0406297
3.308 -0.0411613
3.309 -0.0415893
3.31 -0.041912
3.311 -0.0421281
3.312 -0.0422365
3.313 -0.0422365
3.314 -0.0421274
3.315 -0.041909
3.316 -0.0415812
3.317 -0.0411442
3.318 -0.0405985
3.319 -0.0399449
3.32 -0.0391842
3.321 -0.0383179
3.322 -0.0373475
3.323 -0.0362746
3.324 -0.0351015
3.325 -0.0338303
3.326 -0.0324636
3.327 -0.0310043
3.328 -0.0294552
3.329 -0.0278198
3.33 -0.0261015
3.331 -0.024304
3.332 -0.0224313
3.333 -0.0204874
3.334 -0.0184768
3.335 -0.0164039
3.336 -0.0142735
3.337 -0.0120905
3.338 -0.00985982
3.339 -0.0075868
3.34 -0.00527672
3.341 -0.00293506
3.342 -0.000567414
3.343 0.00182052
3.344 0.00422294
3.345 0.00663399
3.346 0.0090477
3.347 0.0114581
3.348 0.0138591
3.349 0.0162446
3.35 0.0186085
3.351 0.0209448
3.352 0.0232474
3.353 0.0255101
3.354 0.0277269
3.355 0.0298919
3.356 0.0319992
3.357 0.0340429
3.358 0.0360172
3.359 0.0379166
3.36 0.0397355
3.361 0.0414686
3.362 0.0431105
3.363 0.0446563
3.364 0.046101
3.365 0.0474399
3.366 0.0486685
3.367 0.0497825
3.368 0.0507777
3.369 0.0516504
3.37 0.052397
3.371 0.053014
3.372 0.0534984
3.373 0.0538473
3.374 0.0540583
3.375 0.0541291
3.376 0.0540577
3.377 0.0538425
3.378 0.0534823
3.379 0.052976
3.38 0.0523229
3.381 0.0515228
3.382 0.0505755
3.383 0.0494816
3.384 0.0482417
3.385 0.0468568
3.386 0.0453283
3.387 0.043658
3.388 0.041848
3.389 0.0399007
3.39 0.037819
3.391 0.0356061
3.392 0.0332655
3.393 0.030801
3.394 0.0282168
3.395 0.0255176
3.396 0.0227082
3.397 0.0197938
3.398 0.0167801
3.399 0.0136729
3.4 0.0104783
3.401 0.00720294
3.402 0.00385356
3.403 0.000437247
3.404 -0.00303863
3.405 -0.00656645
3.406 -0.0101383
3.407 -0.0137461
3.408 -0.0173813
3.409 -0.0210356
3.41 -0.0246999
3.411 -0.0283654
3.412 -0.0320228
3.413 -0.0356629
3.414 -0.039276
3.415 -0.0428525
3.416 -0.0463827
3.417 -0.0498568
3.418 -0.0532646
3.419 -0.0565962
3.42 -0.0598416
3.421 -0.0629904
3.422 -0.0660327
3.423 -0.0689581
3.424 -0.0717566
3.425 -0.0744179
3.426 -0.076932
3.427 -0.0792889
3.428 -0.0814786
3.429 -0.0834912
3.43 -0.085317
3.431 -0.0869464
3.432 -0.0883699
3.433 -0.0895781
3.434 -0.0905621
3.435 -0.0913128
3.436 -0.0918216
3.437 -0.0920799
3.438 -0.0920796
3.439 -0.0918126
3.44 -0.0912713
3.441 -0.0904483
3.442 -0.0893365
3.443 -0.0879291
3.444 -0.0862197
3.445 -0.0842022
3.446 -0.0818709
3.447 -0.0792203
3.448 -0.0762456
3.449 -0.0729421
3.45 -0.0693056
3.451 -0.0653324
3.452 -0.0610192
3.453 -0.0563629
3.454 -0.0513612
3.455 -0.046012
3.456 -0.0403136
3.457 -0.034265
3.458 -0.0278655
3.459 -0.0211149
3.46 -0.0140134
3.461 -0.0065617
3.462 0.00123892
3.463 0.00938683
3.464 0.0178799
3.465 0.0267155
3.466 0.0358906
3.467 0.0454016
3.468 0.0552445
3.469 0.0654148
3.47 0.0759077
3.471 0.0867177
3.472 0.097839
3.473 0.109265
3.474 0.12099
3.475 0.133006
3.476 0.145306
3.477 0.157881
3.478 0.170724
3.479 0.183826
3.48 0.197178
3.481 0.21077
3.482 0.224592
3.483 0.238635
3.484 0.252888
3.485 0.26734
3.486 0.28198
3.487 0.296798
3.488 0.31178
3.489 0.326917
3.49 0.342195
3.491 0.357602
3.492 0.373127
3.493 0.388756
3.494 0.404476
3.495 0.420276
3.496 0.436141
3.497 0.45206
3.498 0.468018
3.499 0.484002
3.5 0.5
3.501 0.515998
3.502 0.531982
3.503 0.54794
3.504 0.563859
3.505 0.579724
3.506 0.595524
3.507 0.611244
3.508 0.626873
3.509 0.642398
3.51 0.657805
3.511 0.673083
3.512 0.68822
3.513 0.703202
3.514 0.71802
3.515 0.73266
3.516 0.747112
3.517 0.761365
3.518 0.775408
3.519 0.78923
3.52 0.802822
3.521 0.816174
3.522 0.829276
3.523 0.842119
3.524 0.854694
3.525 0.866994
3.526 0.87901
3.527 0.890735
3.528 0.902161
3.529 0.913282
3.53 0.924092
3.531 0.934585
3.532 0.944756
3.533 0.954598
3.534 0.964109
3.535 0.973284
3.536 0.98212
3.537 0.990613
3.538 0.998761
3.539 1.00656
3.54 1.01401
3.541 1.02111
3.542 1.02787
3.543 1.03427
3.544 1.04031
3.545 1.04601
3.546 1.05136
3.547 1.05636
3.548 1.06102
3.549 1.06533
3.55 1.06931
3.551 1.07294
3.552 1.07625
3.553 1.07922
3.554 1.08187
3.555 1.0842
3.556 1.08622
3.557 1.08793
3.558 1.08934
3.559 1.09045
3.56 1.09127
3.561 1.09181
3.562 1.09208
3.563 1.09208
3.564 1.09182
3.565 1.09131
3.566 1.09056
3.567 1.08958
3.568 1.08837
3.569 1.08695
3.57 1.08532
3.571 1.08349
3.572 1.08148
3.573 1.07929
3.574 1.07693
3.575 1.07442
3.576 1.07176
3.577 1.06896
3.578 1.06603
3.579 1.06299
3.58 1.05984
3.581 1.0566
3.582 1.05326
3.583 1.04986
3.584 1.04638
3.585 1.04285
3.586 1.03928
3.587 1.03566
3.588 1.03202
3.589 1.02837
3.59 1.0247
3.591 1.02104
3.592 1.01738
3.593 1.01375
3.594 1.01014
3.595 1.00657
3.596 1.00304
3.597 0.999563
3.598 0.996146
3.599 0.992797
3.6 0.989522
3.601 0.986327
3.602 0.98322
3.603 0.980206
3.604 0.977292
3.605 0.974482
3.606 0.971783
3.607 0.969199
3.608 0.966735
3.609 0.964394
3.61 0.962181
3.611 0.960099
3.612 0.958152
3.613 0.956342
3.614 0.954672
3.615 0.953143
3.616 0.951758
3.617 0.950518
3.618 0.949424
3.619 0.948477
3.62 0.947677
3.621 0.947024
3.622 0.946518
3.623 0.946157
3.624 0.945942
3.625 0.945871
3.626 0.945942
3.627 0.946153
3.628 0.946502
3.629 0.946986
3.63 0.947603
3.631 0.94835
3.632 0.949222
3.633 0.950218
3.634 0.951332
3.635 0.95256
3.636 0.953899
3.637 0.955344
3.638 0.956889
3.639 0.958531
3.64 0.960264
3.641 0.962083
3.642 0.963983
3.643 0.965957
3.644 0.968001
3.645 0.970108
3.646 0.972273
3.647 0.97449
3.648 0.976753
3.649 0.979055
3.65 0.981391
3.651 0.983755
3.652 0.986141
3.653 0.988542
3.654 0.990952
3.655 0.993366
3.656 0.995777
3.657 0.998179
3.658 1.00057
3.659 1.00294
3.66 1.00528
3.661 1.00759
3.662 1.00986
3.663 1.01209
3.664 1.01427
3.665 1.0164
3.666 1.01848
3.667 1.02049
3.668 1.02243
3.669 1.0243
3.67 1.0261
3.671 1.02782
3.672 1.02946
3.673 1.031
3.674 1.03246
3.675 1.03383
3.676 1.0351
3.677 1.03627
3.678 1.03735
3.679 1.03832
3.68 1.03918
3.681 1.03994
3.682 1.0406
3.683 1.04114
3.684 1.04158
3.685 1.04191
3.686 1.04213
3.687 1.04224
3.688 1.04224
3.689 1.04213
3.69 1.04191
3.691 1.04159
3.692 1.04116
3.693 1.04063
3.694 1.04
3.695 1.03926
3.696 1.03843
3.697 1.03751
3.698 1.03649
3.699 1.03538
3.7 1.03419
3.701 1.03291
3.702 1.03155
3.703 1.03012
3.704 1.02862
3.705 1.02704
3.706 1.02541
3.707 1.02371
3.708 1.02196
3.709 1.02016
3.71 1.01831
3.711 1.01643
3.712 1.0145
3.713 1.01255
3.714 1.01056
3.715 1.00856
3.716 1.00654
3.717 1.00451
3.718 1.00247
3.719 1.00043
3.72 0.998393
3.721 0.996367
3.722 0.994354
3.723 0.99236
3.724 0.990389
3.725 0.988448
3.726 0.986539
3.727 0.984669
3.728 0.982841
3.729 0.981061
3.73 0.979331
3.731 0.977658
3.732 0.976044
3.733 0.974494
3.734 0.973011
3.735 0.971599
3.736 0.970262
3.737 0.969002
3.738 0.967823
3.739 0.966727
3.74 0.965718
3.741 0.964797
3.742 0.963967
3.743 0.96323
3.744 0.962588
3.745 0.962042
3.746 0.961593
3.747 0.961243
3.748 0.960992
3.749 0.960842
3.75 0.960791
3.751 0.960842
3.752 0.960992
3.753 0.961243
3.754 0.961593
3.755 0.962042
3.756 0.962588
3.757 0.96323
3.758 0.963967
3.759 0.964797
3.76 0.965718
3.761 0.966727
3.762 0.967823
3.763 0.969002
3.764 0.970262
3.765 0.971599
3.766 0.973011
3.767 0.974494
3.768 0.976044
3.769 0.977658
3.77 0.979331
3.771 0.981061
3.772 0.982841
3.773 0.984669
3.774 0.986539
3.775 0.988448
3.776 0.990389
3.777 0.99236
3.778 0.994354
3.779 0.996367
3.78 0.998393
3.781 1.00043
3.782 1.00247
3.783 1.00451
3.784 1.00654
3.785 1.00856
3.786 1.01056
3.787 1.01255
3.788 1.0145
3.789 1.01643
3.79 1.01831
3.791 1.02016
3.792 1.02196
3.793 1.02371
3.794 1.02541
3.795 1.02704
3.796 1.02862
3.797 1.03012
3.798 1.03155
3.799 1.03291
3.8 1.03419
3.801 1.03538
3.802 1.03649
3.803 1.03751
3.804 1.03843
3.805 1.03926
3.806 1.04
3.807 1.04063
3.808 1.04116
3.809 1.04159
3.81 1.04191
3.811 1.04213
3.812 1.04224
3.813 1.04224
3.814 1.04213
3.815 1.04191
3.816 1.04158
3.817 1.04114
3.818 1.0406
3.819 1.03994
3.82 1.03918
3.821 1.03832
3.822 1.03735
3.823 1.03627
3.824 1.0351
3.825 1.03383
3.826 1.03246
3.827 1.031
3.828 1.02946
3.829 1.02782
3.83 1.0261
3.831 1.0243
3.832 1.02243
3.833 1.02049
3.834 1.01848
3.835 1.0164
3.836 1.01427
3.837 1.01209
3.838 1.00986
3.839 1.00759
3.84 1.00528
3.841 1.00294
3.842 1.00057
3.843 0.998179
3.844 0.995777
3.845 0.993366
3.846 0.990952
3.847 0.988542
3.848 0.986141
3.849 0.983755
3.85 0.981391
3.851 0.979055
3.852 0.976753
3.853 0.97449
3.854 0.972273
3.855 0.970108
3.856 0.968001
3.857 0.965957
3.858 0.963983
3.859 0.962083
3.86 0.960264
3.861 0.958531
3.862 0.956889
3.863 0.955344
3.864 0.953899
3.865 0.95256
3.866 0.951332
3.867 0.950218
3.868 0.949222
3.869 0.94835
3.87 0.947603
3.871 0.946986
3.872 0.946502
3.873 0.946153
3.874 0.945942
3.875 0.945871
3.876 0.945942
3.877 0.946157
3.878 0.946518
3.879 0.947024
3.88 0.947677
3.881 0.948477
3.882 0.949424
3.883 0.950518
3.884 0.951758
3.885 0.953143
3.886 0.954672
3.887 0.956342
3.888 0.958152
3.889 0.960099
3.89 0.962181
3.891 0.964394
3.892 0.966735
3.893 0.969199
3.894 0.971783
3.895 0.974482
3.896 0.977292
3.897 0.980206
3.898 0.98322
3.899 0.986327
3.9 0.989522
3.901 0.992797
3.902 0.996146
3.903 0.999563
3.904 1.00304
3.905 1.00657
3.906 1.01014
3.907 1.01375
3.908 1.01738
3.909 1.02104
3.91 1.0247
3.911 1.02837
3.912 1.03202
3.913 1.03566
3.914 1.03928
3.915 1.04285
3.916 1.04638
3.917 1.04986
3.918 1.05326
3.919 1.0566
3.92 1.05984
3.921 1.06299
3.922 1.06603
3.923 1.06896
3.924 1.07176
3.925 1.07442
3.926 1.07693
3.927 1.07929
3.928 1.08148
3.929 1.08349
3.93 1.08532
3.931 1.08695
3.932 1.08837
3.933 1.08958
3.934 1.09056
3.935 1.09131
3.936 1.09182
3.937 1.09208
3.938 1.09208
3.939 1.09181
3.94 1.09127
3.941 1.09045
3.942 1.08934
3.943 1.08793
3.944 1.08622
3.945 1.0842
3.946 1.08187
3.947 1.07922
3.948 1.07625
3.949 1.07294
3.95 1.06931
3.951 1.06533
3.952 1.06102
3.953 1.05636
3.954 1.05136
3.955 1.04601
3.956 1.04031
3.957 1.03427
3.958 1.02787
3.959 1.02111
3.96 1.01401
3.961 1.00656
3.962 0.998761
3.963 0.990613
3.964 0.98212
3.965 0.973284
3.966 0.964109
3.967 0.954598
3.968 0.944756
3.969 0.934585
3.97 0.924092
3.971 0.913282
3.972 0.902161
3.973 0.890735
3.974 0.87901
3.975 0.866994
3.976 0.854694
3.977 0.842119
3.978 0.829276
3.979 0.816174
3.98 0.802822
3.981 0.78923
3.982 0.775408
3.983 0.761365
3.984 0.747112
3.985 0.73266
3.986 0.71802
3.987 0.703202
3.988 0.68822
3.989 0.673083
3.99 0.657805
3.991 0.642398
3.992 0.626873
3.993 0.611244
3.994 0.595524
3.995 0.579724
3.996 0.563859
3.997 0.54794
3.998 0.531982
3.999 0.515998
4 0.5
